:OC1 - TEST CATCHMENT- OC COMPONENT DATA SET: NT, NCATR, KONT, BIOWAT           
      1      7      1      F
:OC2 - TIMESTEP CONTROL (currently not used)                                    
 1.0000 99999.
:OC3 - OTHER PARAMETERS. SMIN,CDRS,TDC,TFC,DET. (SMIN & DET not used)           
 100.00    0.0    0.0 99999.    0.0
 1.5000 2.0000 1.0000 0.5000 0.5000 1.0000 5.0000
:OC14 STRX                                                                      
     29 00000000000000000000
     28 03663663333363333660
     27 03663333333333633360
     26 03333233333333333630
     25 06663333333333433330
     24 03333333333633333330
     23 06663333333363333330
     22 06633336633333333330
     21 03633336633333333330
     20 03333333333333333330
     19 03333333333333366660
     18 03333333333333366660
     17 03333333333333666660
     16 03333333333363566660
     15 03333333333433566360
     14 03333333333333333330
     13 03333333333333333330
     12 03333333333333333330
     11 03333333333333773360
     10 03333333333333333660
      9 03333333333333333330
      8 03333333335633333330
      7 03337333366633336330
      6 03373333363333333330
      5 03333333333333333330
      4 06663333333333337330
      3 03333336333333333330
      2 03333333333333633330
      1 00000000000000000000
:OC17 STRY                                                                      
     29 00000000000000000000
     28 03663663333363333660
     27 03663333333333633360
     26 03333233333333333630
     25 06663333333333433330
     24 03333333333633333330
     23 06663333333363333330
     22 06633336633333333330
     21 03633336633333333330
     20 03333333333333333330
     19 03333333333333366660
     18 03333333333333366660
     17 03333333333333666660
     16 03333333333363566660
     15 03333333333433566360
     14 03333333333333333330
     13 03333333333333333330
     12 03333333333333333330
     11 03333333333333773360
     10 03333333333333333660
      9 03333333333333333330
      8 03333333335633333330
      7 03337333366633336330
      6 03373333363333333330
      5 03333333333333333330
      4 06663333333333337330
      3 03333336333333333330
      2 03333333333333633330
      1 00000000000000000000
:OC20 - HEAD AND FLUX BOUNDARY CONDITIONS: NOCHB, NOCFB, NOCPB                  
      0      0      0
:OC30 - NUMBER OF DEFAULT CHANNEL CROSS-SECTIONS                                
      0
:OC35 - CHANNEL LINK DATA(LINK NO.,BED ELEV.,DEPTH, STR. COEFF.,DEF X-S)        
      1 139.00    0.0 20.000      2
 4.6265    0.0 4.6265 1.5000
      2 135.00    0.0 20.000      2
 8.0133    0.0 8.0133 1.5000
      3 134.00    0.0 20.000      2
 9.2529    0.0 9.2529 1.5000
      4 132.50    0.0 20.000      2
 11.643    0.0 11.643 1.5000
      5 149.00    0.0 20.000      2
 3.7775    0.0 3.7775 1.5000
      6 131.00    0.0 20.000      2
 11.643    0.0 11.643 1.5000
      7 128.00    0.0 20.000      2
 12.240    0.0 12.240 1.5000
      8 85.000    0.0 20.000      2
 44.935    0.0 44.935 1.5000
             4 50.000 0.7000 85.100 84.000
      9 123.00    0.0 20.000      2
 13.879    0.0 13.879 1.5000
     10 88.000    0.0 20.000      2
 44.456    0.0 44.456 1.5000
     11 115.00    0.0 20.000      2
 14.630    0.0 14.630 1.5000
     12 89.000    0.0 20.000      2
 44.214    0.0 44.214 1.5000
     13 113.00    0.0 20.000      2
 15.575    0.0 15.575 1.5000
     14 90.000    0.0 20.000      2
 43.564    0.0 43.564 1.5000
     15 110.00    0.0 20.000      2
 16.681    0.0 16.681 1.5000
     16 91.000    0.0 20.000      2
 43.400    0.0 43.400 1.5000
     17 109.00    0.0 20.000      2
 18.312    0.0 18.312 1.5000
     18 103.00    0.0 20.000      2
 18.698    0.0 18.698 1.5000
     19 111.00    0.0 20.000      2
 18.312    0.0 18.312 1.5000
     20 101.00    0.0 20.000      2
 19.446    0.0 19.446 1.5000
     21 91.500    0.0 20.000      2
 43.070    0.0 43.070 1.5000
     22 122.00    0.0 20.000      2
 3.7775    0.0 3.7775 1.5000
     23 113.00    0.0 20.000      2
 6.5428    0.0 6.5428 1.5000
     24 96.000    0.0 20.000      2
 19.989    0.0 19.989 1.5000
     25 92.000    0.0 20.000      2
 40.860    0.0 40.860 1.5000
     26 93.250    0.0 20.000      2
 43.070    0.0 43.070 1.5000
     27 95.250    0.0 20.000      2
 40.066    0.0 40.066 1.5000
     28 93.000    0.0 20.000      2
 40.421    0.0 40.421 1.5000
     29 95.000    0.0 20.000      2
 13.086    0.0 13.086 1.5000
     30 94.500    0.0 20.000      2
 40.066    0.0 40.066 1.5000
     31 94.000    0.0 20.000      2
 40.244    0.0 40.244 1.5000
     32 103.00    0.0 20.000      2
 11.643    0.0 11.643 1.5000
     33 95.000    0.0 20.000      2
 34.518    0.0 34.518 1.5000
     34 109.00    0.0 20.000      2
 10.345    0.0 10.345 1.5000
     35 133.00    0.0 20.000      2
 3.7775    0.0 3.7775 1.5000
     36 125.00    0.0 20.000      2
 8.8590    0.0 8.8590 1.5000
     37 123.00    0.0 20.000      2
 6.5428    0.0 6.5428 1.5000
     38 109.00    0.0 20.000      2
 8.4467    0.0 8.4467 1.5000
     39 96.000    0.0 20.000      2
 34.207    0.0 34.207 1.5000
     40 132.00    0.0 20.000      2
 7.0670    0.0 7.0670 1.5000
     41 97.000    0.0 20.000      2
 33.147    0.0 33.147 1.5000
     42 101.00    0.0 20.000      2
 34.207    0.0 34.207 1.5000
     43 106.00    0.0 20.000      2
 7.0670    0.0 7.0670 1.5000
     44 135.00    0.0 20.000      2
 5.9727    0.0 5.9727 1.5000
     45 121.50    0.0 20.000      2
 23.132    0.0 23.132 1.5000
     46 107.50    0.0 20.000      2
 23.891    0.0 23.891 1.5000
     47 100.00    0.0 20.000      2
 31.717    0.0 31.717 1.5000
     48 148.00    0.0 20.000      2
 5.3422    0.0 5.3422 1.5000
     49 152.00    0.0 3.0000      2
 3.7775    0.0 3.7775 1.5000
     50 120.00    0.0 20.000      2
 23.132    0.0 23.132 1.5000
     51 114.00    0.0 20.000      2
 23.590    0.0 23.590 1.5000
     52 106.00    0.0 20.000      2
 23.891    0.0 23.891 1.5000
     53 101.00    0.0 20.000      2
 24.188    0.0 24.188 1.5000
     54 123.00    0.0 3.0000      2
 22.665    0.0 22.665 1.5000
     55 106.50    0.0 20.000      2
 20.166    0.0 20.166 1.5000
     56 166.00    0.0 20.000      2
 4.6265    0.0 4.6265 1.5000
     57 129.00    0.0 20.000      2
 22.188    0.0 22.188 1.5000
     58 113.00    0.0 20.000      2
 19.628    0.0 19.628 1.5000
     59 130.00    0.0 20.000      2
 7.0670    0.0 7.0670 1.5000
     60 121.50    0.0 20.000      2
 15.110    0.0 15.110 1.5000
     61 117.50    0.0 20.000      2
 19.628    0.0 19.628 1.5000
     62 122.00    0.0 20.000      2
 11.332    0.0 11.332 1.5000
     63 156.00    0.0 20.000      2
 4.6265    0.0 4.6265 1.5000
     64 178.00    0.0 20.000      2
 3.7775    0.0 3.7775 1.5000
     65 132.00    0.0 20.000      2
 21.535    0.0 21.535 1.5000
     66 126.00    0.0 20.000      2
 14.630    0.0 14.630 1.5000
     67 145.00    0.0 20.000      2
 9.2529    0.0 9.2529 1.5000
     68 138.50    0.0 20.000      2
 9.9943    0.0 9.9943 1.5000
     69 150.00    0.0 20.000      2
 8.4467    0.0 8.4467 1.5000
     70 143.00    0.0 20.000      2
 18.698    0.0 18.698 1.5000
     71 140.00    0.0 20.000      2
 12.240    0.0 12.240 1.5000
     72 166.00    0.0 20.000      2
 7.5550    0.0 7.5550 1.5000
     73 141.00    0.0 20.000      2
 5.9727    0.0 5.9727 1.5000
     74 140.50    0.0 20.000      2
 12.240    0.0 12.240 1.5000
     75 140.50    0.0 20.000      2
 11.332    0.0 11.332 1.5000
     76 141.00    0.0 20.000      2
 8.8590    0.0 8.8590 1.5000
     77 151.00    0.0 20.000      2
 8.0133    0.0 8.0133 1.5000
     78 189.00    0.0 20.000      2
 3.7775    0.0 3.7775 1.5000
     79 179.00    0.0 20.000      2
 6.5428    0.0 6.5428 1.5000
     80 153.00    0.0 20.000      2
 18.506    0.0 18.506 1.5000
     81 152.00    0.0 20.000      2
 11.945    0.0 11.945 1.5000
     82 232.00    0.0 20.000      2
 4.6265    0.0 4.6265 1.5000
     83 161.00    0.0 20.000      2
 18.116    0.0 18.116 1.5000
     84 172.00    0.0 3.0000      2
 11.013    0.0 11.013 1.5000
     85 162.00    0.0 20.000      2
 12.810    0.0 12.810 1.5000
     86 170.00    0.0 20.000      2
 12.240    0.0 12.240 1.5000
     87 196.00    0.0 3.0000      2
 10.345    0.0 10.345 1.5000
     88 176.00    0.0 20.000      2
 12.240    0.0 12.240 1.5000
     89 186.00    0.0 20.000      2
 11.332    0.0 11.332 1.5000
     90 182.00    0.0 20.000      2
 11.332    0.0 11.332 1.5000
     91 214.00    0.0 20.000      2
 9.2529    0.0 9.2529 1.5000
     92 196.00    0.0 20.000      2
 10.345    0.0 10.345 1.5000
     93 234.00    0.0 20.000      2
 8.0133    0.0 8.0133 1.5000
     94 209.00    0.0 20.000      2
 10.345    0.0 10.345 1.5000
     95 226.00    0.0 20.000      2
 10.345    0.0 10.345 1.5000
     96 222.00    0.0 20.000      2
 9.2529    0.0 9.2529 1.5000
     97 222.00    0.0 20.000      2
 9.2529    0.0 9.2529 1.5000
     98 243.00    0.0 20.000      2
 7.0670    0.0 7.0670 1.5000
     99 259.00    0.0 20.000      2
 6.5428    0.0 6.5428 1.5000
    100 358.00    0.0 20.000      2
 8.0133    0.0 8.0133 1.5000
    101 331.00    0.0 20.000      2
 3.7775    0.0 3.7775 1.5000
    102 371.00    0.0 3.0000      2
 3.7775    0.0 3.7775 1.5000
    103 361.00    0.0 3.0000      2
 8.0133    0.0 8.0133 1.5000
    104 364.00    0.0 20.000      2
 5.3422    0.0 5.3422 1.5000
    105 365.50    0.0 3.0000      2
 6.5428    0.0 6.5428 1.5000
    106 366.00    0.0 20.000      2
 4.6265    0.0 4.6265 1.5000
    107 373.00    0.0 3.0000      2
 3.7775    0.0 3.7775 1.5000
