discharge at the outlet - regular timestep   24.00 hours
          2.71804842
          7.28089227
         14.92373681
         27.10640401
         19.37558779
         13.98054742
         10.70531147
          9.25038707
          8.54329639
          8.10988896
          7.80345656
          7.56509827
          7.36547523
          7.37134973
          7.77771220
          7.58040799
          7.21146577
          6.92268829
          6.71034122
          7.37323912
         14.87202756
         34.09521530
         37.77668580
         23.12894737
         14.87703862
         10.60022145
          9.64645005
         12.67730767
         17.81042300
         27.50668057
         26.14780132
         21.11205435
         20.10788499
         19.18513578
         32.43052734
         41.82515060
         25.30955551
         22.20788488
         26.12588689
         23.88797773
         16.61315197
         11.65207489
          9.21026493
          8.06273123
          8.42919606
         11.36416687
          9.34605125
          8.34624720
          7.49288099
          7.02799626
          6.78761020
         10.95194263
         20.58528972
         16.38061526
         10.60350124
          8.21900119
          7.25079305
          6.67395320
          6.27810471
          5.97481430
          5.68583321
          5.38680155
          5.17929664
          5.03874676
