ncols        120
nrows        150
xllcorner    498000.000000000000
yllcorner 455000.000000000000
cellsize 100.000000000000
NODATA_value -9999
78.75 87.75 84.75 81 94.75 102.5 108.5 113 117 120 122.25 123.5 124.5 123.5 121.5 111.25 109.25 119.25 122.75 125.25 126.25 126.25 123.5 118.25 110.5 105.5 105.75 109.75 117.5 128 138.25 143.5 147 148 146 144.5 143.25 142 140 138.5 138.5 138.5 139.5 139.5 139.25 136.5 132.25 128 122.25 116.75 110 106.25 102.75 99.75 104.75 110.5 111.5 111 112.75 110.75 108.5 106.75 106.5 105.25 104 102.5 100.75 100.25 100.5 102 105.5 107.75 108 110 109 105.5 100.25 100 97 91.5 88.75 88.75 90.5 89.5 89 85 82.5 80.25 77 73 70.5 68.25 68.75 71.5 69 64.75 61.5 59 55.5 53.25 56.25 60.5 62.25 63.5 63.5 61.25 58.25 54.25 50 45.5 41.5 40 40 39.5 36.75 33.5 31.25 31.25 32.5 34.25
82 92.75 92.75 88.75 89.25 97 105.5 111.25 116.75 120.75 122.5 124.5 124.25 124.25 123.25 121 115.25 114.25 118.75 123.75 126.75 129.5 128.25 125.25 123 120.25 120.5 123.25 126.5 130.75 138.5 145.25 149 150.5 150.25 149.5 148.5 146.75 145.75 145.5 144.5 143.5 142 141.5 141 139.25 135.5 130.25 124.25 119.25 115.25 111.25 108.25 105.25 107.5 110.75 113 114.75 116.25 115 112.75 112 111.5 110.5 109 107.25 106.5 107.25 108 109 110.25 111.25 112.5 113 111.75 109 105 100.5 97.5 94.25 90.75 91.5 92.25 91.5 90.75 88.75 86.25 83.5 80.75 76.5 72.5 67.25 61 66.5 65.25 62 60.25 57 52.25 50.25 52.25 57.5 60 61 62.25 60.75 58 53.75 50 45 40.75 39 38.75 38 35.75 33.5 31.5 31 31.75 33.5
84.5 94.25 97.75 96.75 90.75 90 99 108.75 115.25 119.75 122.25 123.75 122.5 122.25 121.75 122.25 122.75 122.5 124.25 128 129.25 133 134.25 134 133.5 133 133.5 135.25 137.25 140.5 145.75 150 151.5 153.25 153.5 152.75 152.25 151 151 150.5 149.25 147.5 145 144 143 141 138 133.75 129.25 124 121.5 118.75 115 112.75 111.5 113.25 115.75 118.75 119.5 118.75 118 117.25 116.25 115.75 114.75 113.25 113.25 113.5 114 114.5 115.25 115.75 117 115.75 114.5 112.25 109.75 106 101 98.5 96.25 94.75 94 92.75 91.75 90.5 88.5 85.25 81.5 77.75 74 68.75 61.25 60.75 61.75 60 58.5 51.75 49.5 49 49.5 49.75 51.75 54.75 57.25 58.5 55.5 52.75 49.25 46.25 41.75 40.75 40.5 40.25 38 34.75 31.5 30.5 30.75 32.5
85.75 95.25 100.25 101.5 100.25 96.25 92.75 104.25 113 117 121 122.5 120.5 120.25 119.75 122.5 126.5 128 130 132 135 139 140.5 141.25 142.25 143 144 144.5 146.5 149.25 152.25 154.25 156 157 157 155.75 154.5 154.5 153.75 152.75 151.5 150 148 146 144.25 142.5 140 138 134.5 131.5 128.5 125.25 122.5 120 118.75 118.75 119 120.75 121.5 121.5 121.5 121.25 120.25 120 120 119 119 119 119 119.25 120.5 120 119.5 119 117.25 115.25 112.75 110.25 107 102.5 100.5 98 95 93 92 90.5 88 85 81.75 77.75 73.25 67.75 61.25 59.25 60 59.25 58.75 59.25 60.5 58.5 56 51.75 49.25 49.25 50.75 53.75 53 51.5 49.5 47.75 44.25 43 42 41.25 38.5 34.75 31.5 29.75 29.75 31.25
94 99.5 103.5 105.25 105.5 104 100.5 100 109 113 116.25 117 118.25 118.5 120.75 126.75 131 134.25 137.25 139 141.5 144 146.5 147.5 149 150 150.5 152 153 154.5 156.5 158.5 159.75 160.5 160 159 157 156 155.25 154 152 150.5 148.5 146.5 144.75 143.5 141.5 140 138.25 135.25 132.5 130.5 129.25 126.25 124.5 122.25 121.5 123.25 123.5 123.5 123.5 123.5 122.75 122.5 122.5 122.5 122 121.5 121.5 121.5 122 121.75 121.5 120.5 119.5 118.5 115.25 112.75 109.75 106.5 103.25 99.75 96 91.75 90.5 90 86.5 83.5 80.5 75.25 70.25 65.75 60.5 59.5 59 60.25 65.5 69 69.25 66.5 63.75 60.5 53.75 49.25 48.25 50 51.25 51.25 49.75 47 43.75 41.75 40.5 39.5 36.5 33.5 31.5 30.5 29 31
98.75 102 105.75 108.5 109.25 109.5 106 100.25 102.5 109.75 110.25 110 112.5 117.75 124.5 130.5 136 140 142.5 145 146.75 149.25 151.25 152.25 153.5 155.25 156 157.5 158.75 159.75 160.25 161.75 162.25 162 161 160 158 156.25 155 153 151.25 149.75 147 145.25 144 142.75 142 141.25 140.25 138.75 135.75 133.5 132.5 131.25 130.25 128.25 126.5 125.75 125 125 125 125 125 124.75 124.5 123.75 123.5 123.5 123.25 123 122.75 122.5 122.5 121.5 121 120.25 118.25 114.75 112 109.75 105.75 101.75 97.25 92.25 89.25 86.25 82.75 80.75 77.5 72.75 70.5 69.5 67.25 65.5 65 67.5 71.75 73 71.5 71 68 63.75 58.5 52.5 48 43.25 46.25 48.5 46.5 43.5 41.5 39.25 38 36 34.5 33.25 31.5 30.5 29.25 30
101.5 104.75 108.25 110.5 112 112.75 112.25 107.5 104.25 106.75 109.75 113.25 117.75 122.25 129.25 136 140.75 143.25 147.25 149.5 151.25 152.5 154.25 156.5 157.75 159.5 160.5 160.5 161.25 161.5 162 162 162 161.25 160.25 159 156 155 154 152 150 147.5 144.25 143 142.5 141.75 142 142 140.5 139 136.75 134.75 133.75 133.25 132.25 131.75 130.25 128.5 126.5 126 126 126 126 125.5 125 124.75 124 124 124 124 123.25 123 123 122 121.5 120.5 119 115.75 113.5 111.25 107.75 103.5 99.5 94.5 89.25 84 80 79.75 80.25 80.25 78.25 76.25 74.5 74 74 74.75 76.25 75.75 73.25 71.5 69.5 65.5 60.25 55.5 50.25 43.5 39.5 41 41.75 40.5 40.25 38.25 36.5 35 33.5 32.25 30.75 29.5 29 29.5
102.75 106.25 109.5 111.5 113.75 115.5 116.75 116 115.75 115.5 118 121 125 129.5 135.25 141 143.5 148 151 152 153.25 155.25 158.25 160 160.75 161.5 161.5 162 162 162 161.75 161.5 160.75 160 157.75 155.75 154.5 153 151.75 150 147 143 139.75 138.25 138.5 139.75 140.25 140.25 138.75 136.5 135 134.75 134.25 133.5 133 132 130.5 129.25 126 125.25 125 125.5 125.25 125 124.75 124.25 124 124 123.75 123.5 123.25 122.5 122 121 121 120.5 120 117.5 114.25 112 109.75 106 101 98 92.75 89.25 85.5 83.75 84 85 84.25 82.5 81.25 81.5 80.5 80.5 80 78.75 75.25 72.75 69 65 61 57 53 48.25 42 39.75 39.25 39.5 38 35.5 35 33.75 33 31.75 30.25 29.75 29.5 30.25
100.5 103.25 108 110.5 114.75 118.5 121.5 122.75 123.75 125.5 127 130 133 137.25 141.25 144.5 148.5 151 153 154 155 158.25 160 161 162 161.5 161.5 161.5 161.25 160.75 160.5 160.25 158.5 156.75 154.5 153 152.25 150.25 149 147 143 139 135.25 131.5 132.75 135.5 136.25 136.25 134.5 133 132.5 132.5 133 133 132.25 131.5 130 127.25 124 121.25 120.75 122 122.5 123.5 123.5 124 123.75 123.25 122.5 122 120.75 120 119.75 119.25 120 120 119.75 117.5 115.25 113 111 108.75 105.25 101.75 97.75 94 92 88.75 88.5 90 89.75 88.75 88 87.25 86 84 82 80.25 76.75 72 67.25 62.5 59 56 53 50.5 44.75 41.75 39 38.5 37.5 35.25 35 34.25 33 31.5 30 29.5 29.5 30.25
100 101 107.25 112 116.5 120.25 125 127.75 130.5 132.5 134.75 137.75 140.25 142.5 145 148.5 151 153 154.25 155.25 156.25 158.5 159.75 161 160.5 160.5 160.5 160.5 159.5 159 158.25 157.5 155.5 153.5 151.75 151 150 148.5 146 143.25 140.25 135.75 130.5 125.5 127.75 131.5 132 131 129.25 129 129.5 130.25 131.25 131 130.5 129.75 127 123.5 121 117.25 115.25 117 118.75 120.5 122.5 122.5 122.5 122 120.5 119 117.5 116 115.25 115.75 117.5 118.5 118.5 117.25 115.5 114.5 113 111 109 105.5 102.5 100 97 93.75 93.25 94.25 94.25 93.5 92 91.25 90 87.5 84 80 75.25 70 64.25 59.5 56.25 52.75 51.5 49 44.25 40.25 39.25 39.5 40 39.5 37.25 35.5 34 32 30.5 28.75 29 33
101.5 106.25 110.5 115.5 120 124.75 129 133 136.5 139 140.5 142.5 144.5 147 149.25 150.75 152.75 154.25 155 155.5 156.25 157.25 158 159 158.5 158.5 158.25 157.75 156.75 156 155.5 154.5 152.5 150.5 149.5 149 148 145.75 142.75 140.5 137 132.75 126.75 120.5 122.75 126.75 126.25 124.5 122.5 122.25 123.75 125 126.75 127.5 127.5 126.5 123.75 121.25 117.25 112.25 111.25 112 114 117.25 121 121.5 121.5 120 117.5 115.5 113 111 111.5 113.5 115 116.75 117.5 116.75 115.5 115 114.5 113 111 109.25 106.5 104.5 100.75 98.75 98.75 98.75 98.25 97 95 93 91.5 89.5 85.5 79.5 73.25 67 61.25 56.5 53 50 49.5 47.25 45.25 41.5 43 42.75 41 40.5 38.75 36.25 34.5 32.5 30.5 28.5 30 34.25
105.25 109 114 119 124 129 133 138 140.75 142.5 143.75 146 148.5 150.25 151 151.75 153 154 155 155.25 155.5 155.5 155.75 155.75 155.25 155 155 154 153.5 153.5 153 151.25 149.5 147.5 147.5 146.75 145 143 140.75 137.75 133.5 128.25 122.5 117 119 122 120.75 117.5 115.5 117.25 119.5 120.75 122.5 123.75 124 122.75 120.75 118 112.5 107.5 107.5 109.5 111.5 114 117.5 119 118.5 116 113.5 111 107.5 106.75 110 111.75 113.5 115.25 116.25 116 115.5 115 114.75 113.5 112 110.5 109 106.75 104.75 102.5 101.75 101.5 101 100 97.75 95 92.75 89.5 85.5 80.25 74 67.25 61.25 57.5 54.5 50.75 50 49 47.75 47.5 48.75 47.25 44.5 42 39 37 34.5 32.5 30.5 28 29.75 33.5
107.75 111.75 117.25 122.75 128.5 133 137 140.75 143 144.5 147.5 149.25 150 151 151 151.25 151.5 152.5 153.5 153.5 153.25 153.5 152.75 152 151.5 150.75 150.5 150.75 151.5 151 150 148.25 145.25 144.75 145 144.5 143.25 141 139 134.5 129 121.25 117.75 110 110.5 114 114 110.75 108 112.5 113.75 115.25 118.25 120.5 120.5 118.75 116.75 113 108.5 101.5 101.75 107.75 111 112.75 114 114.75 114.25 112.5 110.5 107 102.75 104.25 108.5 111 112.75 114.25 115.25 115.5 115 114.5 113.75 112.5 111.75 111 110 108.25 105.75 104.25 103.5 102.75 102 100.75 99 96.5 93.75 90.5 86.5 80.5 74 68.25 63.75 60.75 57.5 52.75 50.5 49.75 49.75 51.75 51.75 50.5 48 44.5 41 37.75 34.5 32.5 30.25 28 29.25 32
111.5 115.75 119.5 126 132.5 137 140.75 143 144.75 147.25 150 150 150 149.5 149 148.5 148.5 150.25 151 151 150.5 149.75 148.5 147.5 146 147.5 148 148.5 149.5 149 146.75 143.25 140.75 141.25 142.75 143.25 142 140.5 138.25 133.75 130 128 123.75 119.5 112.5 104.75 100.75 98 95.25 104.25 104.75 110.25 114.25 116.25 116.5 114.5 112.5 109.25 104 99.25 100 104.25 108.5 111 111.75 111.75 111.25 109.5 107 103.5 99.75 102.75 106.75 110 110.75 113 114 114.5 114.25 113.25 112.25 111.5 110 110.5 109.25 108.25 106.5 105.25 104.25 103.5 102.5 101.25 99.5 97.25 94.25 90.75 87 81.5 76.5 71 66 61.25 58 55.25 51.25 51.5 52.25 53 52.25 50.5 48.5 44.75 41.5 38.5 34.5 31.5 29.5 28 28.5 31
118.25 121 124.75 129.75 135.25 140 142.5 144 145.5 147 148.5 148.75 147.5 146.25 144.25 144.5 144.75 146.5 147 146.5 145.75 144.5 142.5 141 140 143.75 146.25 146.25 146.5 145.75 142.25 138.75 138.75 140.5 141.5 141.5 140.5 140.5 138.25 134.75 133 132.5 131 128.25 124 120.5 116.5 110.25 101.75 91 94.25 106.75 110.75 111 111.5 110.5 108.5 105 100.5 92 95 101.5 105.25 108.5 109 109 107.5 105.5 102.75 98 99.75 102 104.5 105.25 108.25 110.75 112.5 113.5 112.75 111.75 110.5 109.25 107.5 107 107.5 107 106.5 105.5 104.5 103.5 102.5 101.25 99.5 97.5 94.5 92 88.5 83.5 79 72.25 66.5 60.75 58.5 57 56.75 56.5 55.25 54.25 52 50 46.5 42 40.5 37.75 33.75 30 29 28 28.5 30.5
125.25 128.25 131.25 134 138.75 141.5 143.5 144.75 145.25 145.5 146 145 142.75 139.25 139.75 141.25 142.5 143 142.5 141 139.5 137.75 134.75 131.25 139.5 143.25 144.75 144.75 144.5 143 140 132.75 134.25 139.25 139.25 138.5 138 136.75 135.75 135 134.75 134.5 133 131 128.75 124.25 120.75 115.5 108.75 98.5 88.75 99.5 103.75 105 105.5 105.25 104.5 101.75 99.75 92.25 90 97.25 102.75 104.25 105 105 103.75 101.75 98 91 97.25 101 101.25 100.5 105.75 110.25 111.75 111.5 111 109.75 107.5 105.5 103.25 103.5 105 105.75 106 105 104.25 103 101.75 100.5 99.25 97 94.5 92 89 84.75 79.5 75 70 65 60.25 59 60.25 60.5 58.5 55.25 51.75 47.25 42 39.5 38.25 36 32 28.75 27.75 27.5 28.5 31.5
132 134.25 137 139.25 141.25 143 144 144.5 143.75 143.25 142.5 139.5 127.25 130 139.75 140.5 140.5 140.25 138.5 136 134 130.25 127 135.75 143.25 143.25 143.5 143.75 142.25 140.5 134.75 126.5 131 135 135.5 134.5 133.5 132.5 134 134.5 135 135.25 134.5 132.5 130.5 126 120.75 114.5 107.5 100 90.75 82.75 91.25 97.75 98.5 99 99.25 98 97 92.75 85.5 91.75 99.5 101.5 101.25 101.25 100.5 97.25 92.25 89.5 92 96.5 98.5 100 104.75 108.5 110.5 110 108.5 105.75 103.5 101 98.75 100 102.75 104.75 105 104.5 103.5 102.5 100.5 99 98 96 94.25 92.25 90 86.5 82.25 79.25 74 69.5 65 60.75 61.25 61.75 59.75 56 50.75 43.75 39 38 36 34 31.25 29 27.5 27.25 29.25 32.25
138 140 141.75 143 143.5 144 143.75 143 141.5 139 136.25 123.25 113.75 131.75 136.75 138.5 138 136.75 134 131 127.25 118 130.75 139.5 142.5 142.5 142 141 138.75 135 127.25 120 131.5 132.5 132 130 128.5 129.25 132 134.5 136 136.75 135.25 133 130.5 125.5 119.5 112.75 106.5 102 95 86.25 79.75 84.75 88.75 91 93.5 93 93.5 91.25 84.5 85.75 94.75 97.5 97.25 96.75 96 93.75 89.5 83.75 90.25 90.5 95.5 101.25 104.5 107 107.75 106.5 104.5 102.75 100.75 98.25 96.75 98.5 100.75 103 104.5 104 102.75 101.5 99.75 98.75 96.5 94.75 93.5 92.75 91 88.5 84.5 81.75 77.5 72.75 69.25 64.75 63.25 62.5 59.5 55 49.25 41.75 37.75 36 34.5 32.75 31.5 29.5 27.5 27.5 29.5 32.5
142.5 144.5 145.5 145.25 144.5 143.5 142.5 140.25 134.25 125.75 114.25 102.25 116.75 132 134.25 135.5 134.75 133 129.25 124.75 114 118.5 134 138 140.5 140 139.5 138 135 130.25 112.5 115.75 129 128.75 127 123.25 121.25 128.25 132 134.75 136.25 137 135.5 133.25 130.25 124 118.25 111 104.5 98.5 94.75 92.5 88.75 79.75 78 79 79.75 86 89 88.25 82.25 79.5 91.25 92.5 92 91 91.5 90.5 84 79.75 82.25 90.25 96.5 101 103.25 104.5 104.5 103.25 102 100 97.75 95 93.5 96.5 100 102 102.5 102 101.5 100.25 99.25 97 95 93.5 92.75 92.25 91.5 89.5 86 83 80 75.25 71 67.5 64 62.25 58.5 53 46.5 40 37.5 35.5 33.75 32.25 30.75 29.5 27.5 27 28.25 31.75
146 148 148.5 147 145 143 139.5 127.25 111.25 112.25 115.5 108.75 104.5 125.5 130.25 131.75 131 129.25 124.75 119.25 102.75 123 133 136 138.5 138 137.5 134.75 130.25 124 104.5 113 122.75 122.75 120.75 113.75 117.75 127.5 131.5 134 135.25 136.5 135.5 133.5 130.25 126.25 121.75 118.5 112.75 107.75 104 100.25 94.5 87.75 83 78.75 73.25 71.25 74.75 79 77.25 73 84.75 86 85 84.25 86.75 85.5 82 77.75 83 91.25 95.75 99.5 100.75 101.5 101.5 100.75 99 96.75 94.5 91.25 90 94 97.5 99.75 100.5 100.5 99.5 98.75 96.25 94 91.75 90.75 92 91.75 90.75 89.5 86.5 83.25 80 75.75 71 67.5 63.5 60.25 56.5 52 45.25 39.25 36.5 35.25 33.25 31.25 30 28.5 27 27 28 31
147.75 149.75 150 148 144.5 142 134.5 117 125.5 124.5 123.5 116.5 99 110.75 122.75 126.5 125.5 123.5 118.75 113.5 99.5 124 131.75 134.5 136.25 136 134.75 132.25 126.5 118.25 96.75 107 116 114.5 110 101 115 124.5 130 132.5 134.25 135 135.25 134.5 131.75 130 127 123 119.25 115.5 111.25 106.75 102 97.5 93.25 88 85.75 83.25 78.25 73.25 69 67.25 70.25 73.25 74.25 77 81.25 81.5 76.75 72.75 84.75 90.5 93.5 96.5 97.75 98 98 97.5 96 94 92 89.5 90.5 92 95 96.5 97.75 97.75 97 95.5 93 90.75 90 89.75 91 90.5 89.75 88.25 85 82 79 74.5 70.5 65.5 61 57.5 54.5 51 45 39 36.25 34 31.75 30 29 27.25 27 27.75 29 35.5
149 150.25 150.25 148 144.5 142 131.75 127.75 132.5 128.5 120.5 110 105.25 95.25 102.75 117.5 118.5 116.25 108.25 102 101.75 122.75 128.75 131.75 133.5 133.25 132 129.25 125.25 119.75 102.75 93 107.25 99.5 90 100.25 115.25 123 128 131.75 134.25 135.5 136.5 136 134 132.75 130.75 127 123 120.5 117.75 114 111.25 107 103.5 100.5 98.75 96.75 94.5 91 86.75 80.5 73 68 63.75 65 74 77 71.75 73 83.5 88.5 91 92.5 94 94 94 93.75 92.5 90.5 89.5 85.75 89 91 93 93.75 94.75 94.75 93.75 92.5 90.25 88 87.25 88.5 89.5 89.5 88 85.5 82.25 80 76.25 72.5 68 63 59.25 55 52 50 44.5 39 35.25 31.75 30 29 27.5 26.25 26.5 28.5 31.75 39.75
150.5 151.25 151 149 145 139.25 129.75 134.25 133.25 128.75 122.5 122 120 112.5 96 93.5 103.5 108.75 101.75 90 109.5 120 124.75 128.75 130.5 130.25 129.5 127 123.25 119.5 112.5 92.75 85 84.5 102 112.75 120 125.75 130.25 132.5 134.5 136 137 137 135.5 134.75 132.75 130.5 126.25 123.75 122.25 120.5 119 116 112.5 110.5 108.5 106.5 104.5 101 97 93 88.5 82 72 62 63.75 71.25 67.25 72 80.5 84.5 88 88.5 89.5 90 90 90 88.5 86.5 83.5 79.75 84 88.75 90 90.25 91.25 91 90.5 88.5 86.5 84.5 83 85.25 87.5 87 85.25 83 80.5 78 73.5 68.75 64 59.5 55.25 50.5 49.75 48.25 43.75 39 35 30.25 28.75 28 26.25 26 27.75 29.75 33.75 39.75
152.75 152.25 151.25 148.25 144 139.5 137 138.5 137 133.5 132 130.5 127.5 123.5 117 105 91.25 90.25 89.25 89.5 109.75 114.5 121.25 125.25 127 126.5 125.5 123.25 120.5 116 110.25 102 83.5 88 108.75 116 122 127 130.5 133 134.75 135.75 136.5 135.75 135 134.75 133 131.5 130 126.75 124.5 123.5 123 121.5 119.5 118 115.5 113 111.5 107.75 103.75 99.5 94.5 89 81.25 68.75 58.75 60.75 60 68.25 75.5 79 82.5 83.5 83.75 84.75 85.25 85.5 84.25 82.5 80 79.25 81.75 84.5 86 86.5 88 87 86 84 82.25 80.25 80 82.75 85 85 83.75 81.5 78.75 74.5 70 65.25 60.25 55.5 51 47.75 47 45 42.5 39 35 30.5 28.25 27.5 26.25 26.5 29.25 30 31 32.75
152.75 151.5 150 146.25 141.5 140 142.25 142 140 139 137.5 134.75 132 129 125 119.25 112.25 102.75 91 80.25 96.25 111.75 118 121.5 123 122.25 121.25 120 116.5 112 107.25 94 80.25 101.5 112.75 118.25 122.25 125.5 130.25 132.5 134.5 135 134.5 134 133.5 133 132 130.5 130.25 129.25 127 125.5 125 124 123 122.5 120.75 117.5 115 111.5 108 103.25 98.25 93.25 87.25 78.75 71.25 64.5 59.5 57 62.25 71.5 77.25 78 77.25 79.5 80.75 81.5 79.75 78.25 73.75 73.75 79.25 81 81.75 82 83.25 82.25 81 79.25 77 74.25 77.5 80.75 83 83 81.75 79.5 75.5 71.25 66 61.5 56 50.75 47 43.75 43.25 42.5 41.25 38.5 34.75 32 30 28.5 26.5 26 28.5 29.5 29.5 29.25
150.75 149.5 146.75 143.5 140 141.5 144 144.5 142.5 141.75 140 137.5 133.5 130 126 122 117.25 111.5 104.5 89.25 84.25 107.75 113.5 116.25 117 116.75 116 114 111.5 108 101.5 84.75 85.75 108 113.5 117 119.5 124 129 131.5 133 134 133.25 132.5 131.5 130.5 129.25 128 129 129.5 127.75 126.25 126 125.5 124.5 123.5 122 120 117 113 109 105 100.5 95.25 90.5 85.75 81.75 78 73 67.25 58.5 58.5 71 70.75 70.25 72.5 76.75 77.5 75.5 73.5 71 70.75 74.25 77 77.5 78 79 77.75 76.5 74.5 72 70 73 79.5 81.5 81 79 77.25 72.5 68.25 62 56.5 50.5 47 42.75 39.75 40.5 40.25 39 35.75 32 30.5 30 28.5 26.75 26 26.25 26.75 27.5 27
151.25 150.25 149.5 145.25 142.5 144.75 146.5 146 144.5 142.5 140.25 136.75 132.25 129.5 124.25 120 114.5 109.5 103.5 92.75 78.5 101 107 109.25 110 109.5 109.75 107.5 105.25 101.75 96.25 79.5 92.75 109 112.5 112.75 117.5 123.5 128.5 130.75 132 132.5 131.5 130.25 127.5 126 124 124.25 124.75 126 126.5 126.25 126 125.75 125 124 122.5 120.25 116.75 112.75 109 104 99.5 95 91.5 88.25 85.25 82.5 79.25 75 68 56.75 57.5 62.75 63 69.5 73 74 71.5 70 68.75 68.5 71.5 72.5 73.5 74 74 72.75 71.5 69.25 68.5 69.5 73 77.5 80 79.25 77.5 74.5 70.5 65.5 59.5 52.75 47.5 42.75 40.25 39.5 39 37.25 35 33.5 30.5 30 29.5 28.5 27.5 26.25 25 25 25.5 25.25
153.25 152 150.25 148.5 147.25 148.5 149 147 145 142.25 138.5 134 129.25 124.75 119.75 114.75 109.75 104 98 91.5 77.75 91.5 99.5 101.5 102 102 102 101 98.25 94.5 86.25 76.25 97.5 105.25 106.5 108.5 115.25 123.5 127 129 130 130 127 123.5 122 120 119.25 121.5 122.5 123.25 124.5 125.5 125.5 125.25 124.75 123 121 118.75 115.5 111.25 106.5 101 96.5 92.25 89.5 86.5 84.5 82.5 79.5 76 72 65.5 57.5 51.75 56 66 70.75 70.5 67.5 66.75 64.5 62 66.5 68 69.25 70 70 68.75 66.25 64 64.5 69.5 72.5 75.75 77.5 77 75.5 72.5 68 62 56 49.75 45 40.25 38.75 38.75 38 36.5 34.75 34.25 33 32.5 31 29.25 28.25 26.75 25.75 25 25 25
155 153.5 151.5 150.5 150.5 150.5 150 147.5 143.5 140 135 130 125 119 113.5 108 103.5 97.5 91.5 86 78.5 82 91.25 93.25 93.75 93.25 92.75 93.75 92 87.75 73 83.25 95.5 98 96.25 107.75 116.25 122.75 125.5 126.5 125.5 123.25 122 120.25 116.75 112.25 114 117.75 120.25 121.5 122.25 123.5 124.25 124 123 121 119.5 116.5 112.5 108 102.25 96.5 91.75 88.25 85 83 81.75 79.75 76.25 73.5 70 66.5 62.75 57 50 59.75 67.25 66.25 63 63.75 62 59.75 62 63 64.5 66 66 64.5 61.5 60 61.25 68.5 72.5 74.75 76 75 74 71 66.75 61.25 54.75 49.75 45.5 41.5 39.25 39.25 39.5 38.25 37 36.75 36.25 35.75 33.5 29.5 28.75 27.5 26.25 25.75 25.5 25
156.5 154.75 153 152.25 151.5 151 149.5 145.75 141.5 136.5 130.5 124 118 112.5 106.5 101 95.5 90.5 83.5 79 76.75 76.5 80.25 83.25 83 83.75 83.5 85.25 85 81 69.5 80 86.75 84.25 95.75 109.25 116.25 120.5 123 123 122 120.5 118.25 113.75 108.75 107.25 110.75 113.25 116 117.75 119.25 120.75 121.5 121.5 121 119.5 117.5 113.75 110.5 105.5 98.5 91.5 86.25 82.25 79.75 79 77.75 74 71.25 69.25 64 61.5 59.75 55.5 50.25 53.5 62.5 61.75 59.5 61 60.25 57.75 57.5 58.5 60 62 61.75 60.5 58.75 59.25 63 69.5 72.5 73.75 74.5 74 72.75 70 66.25 61.75 57 52 47.5 42.25 39.5 41 41.75 39.75 39 40 40.25 38.25 35.25 31 29.75 28.5 27.25 26.75 26.5 26.5
157.5 156.5 155 153.5 152.5 151.25 149.25 143.75 137.25 131.25 123.75 116.5 109.25 103 97.75 92.75 88.75 84 79.5 78.5 76.25 75.75 75.5 71 69.75 69.75 70.5 71.75 74.75 72.5 68.5 69 72 86.25 103 110.75 115 118.25 119 119.25 118.5 115.5 112.25 106.25 100 101.5 106.25 109 110.75 112.25 115.25 118 119 119.5 118.5 117 114.5 111 107.5 101.75 94.75 87.5 80.5 78.25 76.25 74 72.25 69.75 67 61.25 59.5 57.25 54 50.5 48 49.25 56 56.75 56.5 59 57.25 53.5 52 54 56.25 57.75 57.5 55.5 57.5 59.75 64.5 69 71.5 72.25 72.5 72 71 68.5 65.25 62.5 58.5 52.75 48.25 44.25 41.75 44 45 43 41.75 41.25 40.75 39.25 37 34 31.25 29.5 28.5 28.5 29 29.5
155.25 159 157.75 155 153.25 151.5 146.75 139.75 132.25 127 118 111 107 102.25 92.5 89.5 88.25 86.75 84.75 83.5 82 81.25 80 79.75 80.5 79.5 76.5 72.75 70 69.25 66.5 66 76 97 105.5 110.25 113 114.5 115 114.75 113 109.5 105 99 96.5 100.25 100.25 101.75 104 109.25 111.75 115 116.25 117.25 116 114.25 112 109.25 105 98.25 91.25 86 80 78.25 72.5 69.5 69.25 68.75 68.75 65.75 62.25 58.75 55.75 51.75 49.5 46.75 49.5 51.25 53.25 55.75 54.5 51.25 48.75 51 53 54 52.5 50.25 55.25 61 64 67.25 69.5 70.5 70.5 69.5 68.5 65.75 63 61.5 58.75 54 50.5 48.75 47 48 48.25 47 44.5 42.5 41.5 40.5 38 34.25 31 29.75 30.25 31.25 33 34.5
155.5 159.25 160.25 157.25 154.25 151.5 146.5 140 136.75 132.25 127.25 122.25 114.75 105.25 99.75 98.5 97.25 95.25 94 93 92.75 92 92 93.25 92.75 92 90.25 87.5 83.25 76.25 67 64 76.5 98.75 104.5 108.25 110.25 111 111 110 107.5 103.5 98.5 90.25 90.75 95.25 91.25 98 103.75 109.75 112.25 113.75 114.5 114.75 114 112.5 110.25 107 102.75 97.75 92 89.5 86.75 81.25 76.75 72.5 73.25 74.5 74 73 69.25 64.5 61.25 57.75 53.5 49.5 45.75 46.5 49.5 52.5 53 50.5 48.25 49.25 50.75 50.5 49.25 49.5 55.75 61.5 63.25 64.75 67 68.5 68.25 66.5 64.5 62.75 60.5 60 56.5 55.25 52.75 51.5 51.25 50.75 50.5 50 48.5 46 43 39.75 36.25 33.75 32 32 33.5 35 36.75 38.5
155.5 159.75 160.25 159.25 156 153 149.5 146.25 142 137.5 131.5 123.75 116.5 112.75 110.75 109.5 108 105.75 105.5 105.25 104.25 103.25 103.5 103.5 103 101.25 98 94.75 90.5 81 65.5 64.25 84.75 98 102.25 104.5 106.25 106.5 107 105 101.5 97.5 92 80.75 89 87.5 89.5 102.75 108.25 111.5 112.25 112.5 112.5 112.5 112.25 111 108.5 105.5 103 100.25 99 94.5 89.5 83.25 81.75 82 82.5 82.75 82 80.5 77 73 69 65 60 55.75 51.25 46.5 44.75 49 51.5 50.25 46.5 46.25 47 46.75 47 50.75 55.5 60.5 61.5 61.5 64 65.5 65.25 63.5 61.25 60 58 57.25 54.75 60 54.75 53.25 52.75 52 51.25 50 48.25 45 41.5 37.5 34.5 34.5 35.25 36.5 37.75 39 40.5 41.5
156 160 161.25 161 159 156.25 153.5 150.75 145.75 139.75 132.75 127.75 125.25 125 122.5 121.5 119.75 118.5 118 117.5 116 114.75 113.25 112.75 111 108.5 103.5 100 93.5 82.25 64.25 65.75 89.25 95 98.5 99.5 101 101.5 102 100.5 97 92 84.25 75 80 79 98.25 104.25 107.75 110.75 110.5 110.5 110.5 110.5 109.75 108.5 106.25 104.5 103 101.5 100.75 98.75 94.25 90.5 90.25 90 89.75 89.75 89.25 87.75 85.25 82 78.5 74.25 70 64 57.75 51.75 45.5 43.75 48.25 47.5 43.5 42.75 43 42.75 44 49.25 52.75 57.5 59 59.25 60.75 62.75 62.25 60.5 59.5 59 56.75 56.5 56.25 57.25 55.5 54.25 54 53 51.75 50 46.25 42.25 39.75 38.25 37.25 38 38.25 40.25 42.75 45.25 47 48
156 159.75 161.5 162.75 161 159.25 157.5 154.75 149.5 144.75 140.5 139 137 135 133.25 131.5 129.75 128.5 128 127 124.5 123 121.25 119 116 112.5 108.5 103 95.5 85.25 67.75 61.5 84.25 91 93 94.5 95.5 96.75 98 96 92.75 86.75 78 68.25 71 89.25 101.75 104 105.5 108 108 108 107 106.75 106 105.75 104.5 103.75 103 102.25 101.75 101 99.75 97.5 96.5 96.5 96.5 96.5 96.5 95 92.75 90.75 87.25 84 79.5 74 67 58.5 49.5 44.5 42 42.25 40.25 39.5 39.5 39 40 45 50.5 53.75 54.5 56.5 59.75 60.75 60 58.25 56.25 53.75 54 56 56.25 55 54 52.5 52 51 50 47 42.25 39.75 38.5 39.25 40.5 41.5 40.25 42.75 48 51 53.25 54.75
155.5 159.5 161.5 163 162.75 161 160.25 158.25 155.25 151.25 148.5 147 145 143 141 139.75 138.25 136.5 135.5 133.75 130.75 128.5 125.25 122.5 118.75 114.25 109.75 103.5 97 88 74 60 69.5 84.25 86.25 87.5 89.25 92.25 94 92.5 89.5 81.75 70 70.25 88.25 96.75 101 102.25 103.5 104.25 104.5 104 103.25 103 102.5 103.5 103.5 103 103 103 102.5 102.25 101.75 101.5 100.5 100.5 100.5 100.5 100.5 100.25 99.25 97 95 92.5 88.5 83.5 77 70 61.5 54 49.75 46.75 45.75 46.5 45.25 41.75 38.5 39.75 47.5 51 50 53 57 59.25 57.75 54.5 51.5 49.5 50.75 54.25 55 53 51.75 49.25 48.5 48.5 47.5 42.75 39.75 40 39 40.5 41.25 44.5 44.75 47.25 50 54.75 58.5 60.25
153.5 158.25 161 162.25 163 162.75 162 160.25 158.75 156.75 153.5 151.5 150.5 148.5 146.75 144.5 143.75 142.5 140.5 138 133.5 130.75 126.5 122.5 118.25 113.25 108.5 103 96.75 90.25 81 70 58.75 70.5 75.75 77.25 81.75 88.5 90.5 88.5 85.5 76.25 66 80.5 91.25 94 96.5 98.5 99.75 100.75 101 101 99.25 99.5 100 102 102.25 102 102.25 103 103 103 103 102.5 102.5 102.5 102.5 102.5 102.5 102 101.75 101 100.25 98.25 95.25 91.5 87 82 77 73.5 70 66.5 65 62 58.5 52.25 44 38 41.75 46.5 48.25 50.75 53.75 56.25 54.25 51.25 49 49.5 51 53.5 53.75 51.25 49.5 47.25 47 47 46.75 44.75 43.5 45.5 46 46.75 47.5 49.25 51 51.5 50.5 58.75 61.75 63
150.5 155.5 159 161 161.75 162.5 162.75 161.75 160.5 159.75 157 155 153 151.75 150 148 145.75 143.75 141.5 138.5 133.5 129.75 124.5 119.25 114.25 109 104.25 99.25 94.5 89.5 84.5 77.75 67.25 57 58.5 61.5 71.25 83 86 85.25 82.25 73.5 64 81.25 87 89 90.75 92.25 93.5 94.5 95.25 94.25 93 98.25 100.25 101 102 102 102 102.25 102.75 103 103 103 103 103 103 103 103 103 103 102.5 102.25 101 100 97 93.75 90.75 87 83.75 81.5 78.25 74.5 72 67.25 61.5 51 39.5 37.75 41 44.25 49 52 53.5 51.25 49 48 49.5 51 53.5 53 49 47.5 48.5 48.5 47.5 47.5 48 48.5 49.5 51 52.5 54.25 56.5 58.5 58.5 58.25 59.5 62 65
146 151.5 156.75 159 160.5 161.5 161.5 161.5 160.5 159.25 156.75 155.75 154 152.25 151 149 146.75 144 141 136.25 131 125.5 119.75 113.25 107.5 102.5 96.75 93 89.25 84.75 82.25 73.25 65.25 59 61.75 56.25 57.25 73.25 80 79.5 77.25 70.5 63 76.75 80.25 81.25 82.5 84 85.5 87 87.75 87.25 91.5 95.75 99.75 100.75 101 101 101 101.5 101.5 101.75 102 102.25 102.5 102.5 102.5 102.5 102.5 103 103 103 103 102.5 101.5 100 97.75 95 92.75 90.25 87.5 84 80 76 71.75 66.5 58.75 47.5 37.5 35.25 39.75 46.75 50.75 51.5 49.25 47.25 48 50 51.5 53 52.25 48.5 50 50.5 51 51 49.5 52 54.25 56.75 59 61.5 63 65 66.25 66.75 65.5 63.5 66.5 67.25
140.75 147.25 151.25 154.75 156.75 157.5 157.5 156.75 156.25 155.25 154.5 153.75 152 151.25 150.5 149 146 143 140 134 127.5 120 111 103.75 97.25 88 80.25 77 75 69.75 66.25 68.5 73.75 76.25 76.5 66.5 54.5 58 68.75 69.5 70.25 64.25 58 69 71 71.5 73 74.75 76.75 79.5 79 84.5 91.25 93 95.75 97.75 99.25 99.75 100 98.75 99 99.75 100.5 101.5 101.5 101.5 101.5 101.5 101.75 102 102 102.25 102.5 102.25 101.25 100.5 99.5 97.25 95 92.25 89.5 87 83 78.75 74 68.75 61.75 53.5 41.75 36.25 38.75 43 48 48.25 46.75 46.25 47.25 50 51 50.75 48 50.25 51.75 53.5 55.75 56 56 59.25 62 66.25 69.75 72.25 73.25 73.75 74 74.25 72.25 71 70 69.75
139.75 144 146.25 148.5 151.25 153 153.5 153.5 152.75 152.5 151.75 150.75 150 149.5 148.5 146 143.25 140.75 137 131.75 123.25 114.5 101.5 89.25 76.75 71 72.5 72 73.25 75 80.5 85.25 85.5 84 77.25 62.75 61 55.5 52.5 53 53.75 52.5 50.5 54.75 55.5 58 62 64.25 69 73 70.5 82 87.5 88.75 90 92 94.5 95.5 95 93.25 94.25 95.75 96.75 98.25 99 98.25 98 98 99.5 100.5 100.5 100.5 100.5 100.5 100.5 99.75 99 97 95 92.25 89.5 86.25 82.75 79 74.25 68.25 61.25 53 43.75 36.5 37 40.75 43.25 44.5 44.5 43.75 44.75 47 49.25 49 47.5 50 53 56.75 59.5 60.75 61 65.75 70.5 74.25 77 79.75 80.25 80.25 80.75 80.25 79 77.25 75.25 74.5
138 140.75 141.25 145 147.5 149.5 150.5 150.5 150 149.5 148 147 147 146.5 145 142.75 140 136.5 131.75 126.5 118.25 109.25 96.25 79.25 80 92 93 93 93.25 93 93 92.5 89.25 83.25 71.25 67.75 73 73 68.25 65 61 58 55.5 51.25 49.75 48.25 48.5 53.5 63 67.25 65 76.5 79.5 79.75 80.75 84.75 87.5 88 86 87 89 90.25 91.5 92.5 93.25 92.25 92 92.25 93.5 96 96.75 97.5 97.5 98 98 97.5 96.75 95.25 93.75 91.25 88.25 84.5 81.5 77.25 72.5 67 61 52.75 44.5 38.25 34.5 39.5 40.75 41.75 41.5 40.75 41 42.5 44.5 46 48 50 54 59 61 63.25 66.75 70.5 75 79.75 82 83 83.5 84.5 85 84.25 83.5 82 80.25 77
133.25 135.5 139.25 141.5 143.5 145.5 146.75 147 146.5 145 143 142.75 143.5 143 142 140 136.5 131 125.75 119 110.25 99.75 85.25 80.75 100 103.25 103.75 102.5 101 100 97.75 93.75 88.5 78 70.5 78.5 83 85.5 86.5 86 85.5 83.75 77.75 72.5 66 58 50 47.75 55.25 61 59 69 70 67 70.75 76.25 79 79.75 76.75 81.25 82 83 84.25 85.25 85.75 85 84.25 84.75 87 90 91 92 92.5 93.25 93.75 93.75 93 93 91.5 88.25 85 81.75 78.75 73.25 68.75 63.25 58 52 45.75 39.5 34 36.75 38.5 40 40.25 39.75 39.5 39.75 40.75 42.25 45.75 48.75 51.25 56.25 60 64.75 69.5 74 78.25 81 82.75 83.75 85 86.5 89 87.25 85.25 83.5 81.5 79.5
120.75 130.5 138.25 140.25 140 140.75 142 142.75 141.5 140 137.5 139.25 140 140.5 139.25 136.25 131.5 124 113.25 103.5 94.75 89 80.25 98.5 108.25 110.75 111 109.5 106.5 103 98.75 92 81 79.75 84.25 89 92.5 94.25 94.5 93.75 91.75 90.25 85 79.25 72 64.75 56.5 49 47.75 51 53.75 58.25 58 54.5 59.5 65.75 69.75 69.25 70.25 75.5 75.25 76 76 77 77 76.75 75.75 77.75 81 83.5 84.25 85 85.5 87 87.75 88.5 88.25 87 85.5 83 80.5 77.75 72.75 67.75 63.25 58.75 53.75 49 44 38.75 33.5 34 36.25 38 39 38.5 39 39.25 40 41.5 45.25 46.25 49 55.25 62.75 67.5 72 76.5 79.5 81.5 83.5 84.5 85.25 87 89.75 87 85.25 83.25 81.5 78.5
115.5 131 135 137 135.75 135.5 137 137.5 136.5 133.25 131.25 135 137 138.5 137.25 135 130.5 123 112.25 107.75 100 88 98 110 114 115 113.75 111.5 108.5 103.5 95.5 90 90.25 93 95.5 98.25 99.75 100 100 98.75 95.75 92.5 87 77.75 68.75 59.75 54 48.75 46.25 46.25 46.25 47.25 46.5 47.5 47.75 50.75 56.75 58.25 65.75 70.75 68.5 67.75 68 69 69.25 68 68.25 71.25 73.75 75.75 76.25 76.75 77.25 78.25 79 79.75 79.75 79 77.5 75.5 73.25 70 65.75 61.25 58 53.5 49 45.5 41.75 37.25 32.25 32.75 35 36.25 37 38 39 40.25 41 43 45.75 48.25 51.25 57.5 64.5 69.5 73.75 78.25 80.5 82 82.75 84 84.5 84.75 85.25 85 84 82 79.75 75.5
129 130.75 131.75 133 130.25 129.5 131 132.5 130.25 124.25 128.25 131.75 135.25 136.75 136.5 134.5 130.75 127.75 122.5 118 110.25 99.25 108.5 115.25 118.5 119 116.25 111.25 108.75 106.5 100 97.75 100.5 102.5 103.75 104.75 104.75 104.25 103 101 98.5 94 86.75 75.5 66.75 61 57.75 53.25 50 47 46 45 44.25 43.25 42.5 42.5 43.75 49.25 58.75 61.25 61.25 58.25 59 60.25 60.25 59.25 61.5 64.75 65.75 67 67 67.5 68.25 68.25 68.75 69.75 71 70.5 68.5 66.5 64.75 62.25 58.25 55 51.75 48.5 45 42 38.5 34.5 31.5 32 33.5 35.25 36.5 37.75 39.5 40.5 42 44.75 47 48.75 53 59.5 64.25 70.25 74 78.25 80.5 81.5 81.5 81.5 82 81.5 81 81 80.5 78.75 75.5 72
127.25 128.25 127.75 127.75 124.75 123.25 124.5 125.25 122 119 124.75 132 133.75 135.25 136 135.5 133.75 131.75 129.5 125.25 119.25 112 112 119.5 121.75 121.5 119.5 117 114.25 112 110.25 108.25 108 109 110 109.5 108.25 107 104.5 102.5 100 93.75 84.5 80.25 75.75 71.75 66.75 61.75 58.5 54.5 52.25 50.5 49.5 48.25 45 42.25 40.75 44.25 47.5 51.5 53.25 51.75 50.75 51.5 51.25 53.25 56.25 58 57.75 59 58 58.5 59 59.5 60 61.5 62 61.25 60.5 58.75 56.5 54.5 52 49.5 47 44.5 41.5 39 36.5 33 31 31.25 33 34.75 35.75 37.5 39.25 40.5 43 46 49 51.25 55.75 59 64.25 69.5 74 76.75 79 80 79.25 78.25 78 77 76 75.75 75.25 73.75 70.75 67
124.75 125 123.25 122 118.75 115.5 118 117.5 111.75 120 129.75 132.5 133 134.25 135.25 135.75 135.5 134.75 133.5 130.25 126.25 122 118.5 121.75 125.25 125.5 122.75 120.75 120.25 117.5 115.75 114 113 112.5 112.5 112 111 109 105.75 102.5 99.75 94.5 91 89.25 85 81.5 77.25 73.5 70 66 62.75 59.25 57.5 56 53 48.5 44 41 40.25 44 45.25 46.75 47.25 48.5 49 49.75 51.75 51.75 51.5 51 50.5 51.5 51.75 51.75 52.75 53.25 53.25 53 52.75 51.75 49.5 47.75 46.75 45.5 43.5 41.5 39 37 34.75 32 29.75 30.5 32.75 35 36.25 37.75 38.5 41 44 48.25 51.25 55 59 62 67.5 70.25 74.25 76.25 77.25 77.25 75.75 74.75 74 72.5 72 72.5 72 70.25 66.75 62
121 119.75 117.25 114.25 110 106.25 111.25 110 106.75 121.75 127.25 130.25 131.5 133 135 137.25 138 138 137.75 134.5 131 129 127 127.5 128.75 128.75 125.75 124 123 121 119.75 117.75 116 114.5 113.75 113.25 111.75 110.25 106.75 103 100.25 99.25 97 95.5 92 89.5 86.5 84 80.5 77 73.5 69.75 66.75 63.5 59.5 55 49.25 45.5 40.5 39.25 38.75 40.75 41.25 42.25 45 46.5 47.5 47 47 45.75 45.75 46.75 46.75 45.75 47.25 47.5 47 47.5 46.75 45.5 44.25 43 42 41.75 40.25 39 37 35 33 31 29.25 30.75 33 37.25 39.5 39.5 39.5 41.75 46 49.5 53.5 58.5 62.25 65.75 70 73.25 74.75 75.5 75.75 74.5 73.5 72 70.5 69.25 68.5 70 70 68.25 64.25 59.25
112.5 112 108 102 95.75 93.75 95.75 96 98.75 110.75 121.25 123.25 127.5 131.25 134.25 138 140.25 140.5 140.5 139 136.75 134.5 132.5 131.75 131.25 130.25 129.25 125.75 124 122.25 121 119.5 117.5 115.5 114.25 113.25 112 110.5 107.25 104.25 102.5 101.5 101.25 100.25 98.25 96 94 92 89 86 82.25 78.25 74.75 70.25 65 60 54.5 50.5 46 42 39.75 37.5 38 38.5 40.5 42.5 43 43 43.5 42 40.5 42.5 42.5 41.25 42.5 43 43.5 43.5 42.25 40.75 40 39.75 38.5 38.75 37.75 37 35 33.25 32 30 28.5 30.5 33 39 41.25 40.75 41.25 45.5 47.75 50 55.25 60.75 65 69 71 73.5 75 74.75 74 72.75 71.5 69.75 68 66.25 66 67.25 68 66 63 59
100.25 98.75 90.5 87.75 94.75 99.75 106.5 111.75 113 107.5 111 113.5 121.75 129 133.75 138.25 141.25 141.75 141.75 141 139 137.75 136.5 134 132.5 130.5 128.5 126.5 124.25 122 120.25 118.25 116 114.25 113.25 112.25 111.5 110 106.25 104 103.75 103.5 103.5 103.5 102.25 101 99.5 97.5 94.25 91.25 88.25 83.75 80.5 75.75 69.5 63.75 58.5 53.25 48.5 44.25 41.75 38.75 37.25 36.25 37.25 39 39.5 39.25 40.75 39 38 39.25 39 37.75 39.5 40 40.25 40.25 39 37.75 37.25 36.25 36 35.75 35.5 34.5 33.25 32.25 30.75 29.5 28 28.25 30.25 36.5 40.5 42.5 45.25 48.75 49.5 51.25 57.25 61 65.75 70.25 71.5 73 74.5 73.5 72 71 70 67.75 65 63.25 63.5 65 66.25 65.5 63 59.5
79 83.25 91 103.25 110 116.25 120.5 124.25 125.5 125.5 125.75 126 129 131.75 137 139.25 142 143.25 143.5 142.75 141 140 139 136 133.5 130.75 128.25 125.25 123 121 118.75 115.75 113.75 112.5 111.25 110 108.75 106.75 104.75 105 105.75 106 106 105.5 104.5 103 102.25 101 98.5 95 91.5 88 83.25 77.25 70 63 57 50.25 48 46 44.25 41.5 39.5 37.5 36 35 35.25 35.5 36.5 35.5 35 35 35 35 35.75 36.25 36.75 37.5 36.5 35.5 34.5 33.5 33 33.5 33.5 33 32.25 31 30 28 27.5 28.5 31.5 36.5 40.75 42.75 46.75 49.75 52.25 56.25 59.5 62.25 66 70.5 71.25 72 72.25 71.5 70 69 67.5 65 63 60.5 61 63.5 65 64.75 62.75 59.75
94.5 101 106.5 112.25 119.75 126.75 129.75 132.75 133.5 133.5 133.75 135 135.5 137.25 140.25 142.5 144 144.5 144.5 143.75 142.5 141.25 140.5 137.75 133.75 130.5 126.75 123.5 120.25 117.75 115 112 110.25 109.5 107.5 106.25 104.75 104 104 106.25 109.25 109.5 109.75 108 106.5 105 103.5 102 100.5 97.25 92.5 88.75 81.75 73.25 68.5 61 57.25 52.5 50.5 48.75 47.75 46.5 45 43 39.75 37.5 35.75 34.25 32.75 32.5 32.25 32.5 32.25 32.5 32.5 32.75 33.75 34.5 34.5 33.75 32.5 31.5 30 31.25 31.5 31.75 31.25 30 28.25 27 27.75 30.25 32.5 35.75 39.25 42.25 47 50 54.75 59.25 61.75 64.5 67.75 70.75 70.75 70.5 69.75 68.5 66.75 65.75 65 63.5 61 59 60 61.25 63.5 63 61.25 59.25
99.5 108 114.25 120.5 128 132.5 136.25 138.5 139 139 140 141 141 142 144.25 145.5 146.25 145.75 145 144.5 143 141.5 139.25 135.75 132 128.25 124 120.75 117 114 111.5 108.5 106.5 105 103.5 102.25 102.5 102.75 104.5 107.75 110 110 110 109.5 108 107 104.75 103 100.75 97.5 92.75 88.5 83.25 78.5 73.25 68.5 63.5 62 58.5 56.25 54.5 53 51.75 49.5 46.25 43.25 39.75 36.5 34 32.5 32 31.25 31 30.25 29.5 30 31 32.5 33.5 32.5 31 29.75 29 30.25 30.5 30.75 30.25 29 27 26 27.75 30 33.25 36.5 40 44.5 49.5 52.5 56.25 59.5 62.75 65.5 67.25 69.25 68.5 66.75 64.75 64.25 63.75 63.5 63 61.25 59.25 59 60 59.25 61.75 61.75 60.5 58
108 113.25 119.75 127.25 133 137 140.75 141.75 142.25 142.5 143.25 144.25 145.25 147 148.5 149 148.5 147 145.5 144.5 142.5 140 136.75 132.75 129 124.25 120.5 116.75 112.75 109.75 106.25 104.5 102.5 101 100.25 99.25 100.5 101.75 104 106 108.25 109.5 110 110 109 108.5 106.25 104 102 100 96.5 92 88.5 85.75 81.5 77.5 74.75 71 69.5 67.5 65 63 61 57.5 54 50.5 45.75 41.25 37.75 37.5 36.25 33.5 32.75 31.25 29.75 29 28.75 29.25 29.75 30.25 30 29.25 28.25 29 28.5 29 28.25 27 26 26.25 29 32 35 39 42.25 46.5 49.75 54 58.25 61.25 63.5 65 66 66 64 63 62.5 61.5 61.5 62 61.5 60.5 59.5 59 58.75 59.25 61 60.75 59 56.5
114 119.25 124.25 130.75 135.5 139.25 142 143.25 144 144.5 146 147.5 149.5 150.5 151 150.5 150 148.75 146.5 144.5 141.25 137.75 133.5 129 124.5 120 116 111.75 108.25 105 102.5 100.5 99.25 97.5 97.5 99 100.25 101.25 103 104.25 106 108 109 109 108.25 107.25 105.75 105 103.5 101 99.5 96 92.5 91.25 87.5 85 82.5 80 79 76.5 74 71.25 68.75 65 61.5 58.25 52 47.5 44 43.75 42 38.5 36.5 34.5 32.5 30.25 28.75 28 28 27.75 27.5 27.5 26.75 26.5 26.5 26.5 26 25.75 25.75 26.5 29.25 31.75 34.75 38.5 42.75 48.25 52.5 56 59.75 61.5 63 64 64.5 63.25 61.75 61.5 60.75 59.75 60.25 61 60.5 59.25 55.75 54.75 56.25 58.75 60.5 59 57 54.5
117.5 122.75 129 133.75 138.5 140.75 142.75 144.25 144.75 146 148.75 150 151 151.75 152 151.75 151 149.5 147 144.25 141 136 130.5 125 120.25 116 111 108 104.5 100.75 99.5 98.75 97.5 93.25 94.5 96.75 99.5 100.5 101.75 102.5 103.5 104.5 104.75 104.25 103.75 103.5 104 104 102.25 101.25 100.5 98.75 95.75 94 92 89.5 87.75 85.5 84.5 82.5 80.25 77.5 74.75 71 67.5 63.75 58.5 54.25 51.25 50.25 47 44 41.5 38.5 35.75 33 31 29 28.5 28 27.5 27.5 27 26.5 26.25 26 25 25 24.25 25.25 27.75 29.5 32.5 37 41.75 48.5 53 57 60.5 61.25 61.75 63.25 63 61 59.25 59.5 59.25 59 59.75 60.25 59 56 51 51 54 56.5 59 56.5 54.75 53.25
116.5 125 131 135.5 139 141.5 143.25 144.5 145 146.25 149 150 150.5 151.25 151.5 151.25 150.25 148.75 146 143.75 141 136.25 131.75 125 120.5 116.5 111.25 109.25 105.5 101.75 99.75 97 93.75 89.5 90.5 92.5 96 98.25 99.75 100 101.25 102 101.75 101.5 101.5 101 101.5 102.25 101 100.5 101 100.25 98.75 96 94.75 92.75 91 90 88.25 86 84 81.75 79.5 76.5 72.75 69 64.5 60.75 59.5 56.75 53.75 50.75 47.5 43.25 39.5 36.5 33.75 31.25 30.5 29.75 29 29.5 29 28.5 28 26.75 25.5 25 25 25 26.25 28.5 31.5 37 42 48 52.5 56.5 59.5 60.5 61 61.5 60.5 58.5 57.25 57.5 57.5 57.5 59 58.5 56 52.5 50 50.5 52.25 54.25 56.5 53.75 52.5 52
118.5 126.5 132 136 139.75 141 142.25 143.25 144 145 147 148.5 149.5 150 150 149.5 149 147 145.25 143.5 141 137 132.5 128.5 123.5 120.5 116.25 112.75 110.25 105.5 102.25 99 94.5 90.25 89.25 89.5 91.75 94 95.25 96.5 98 99 99 98.5 97.75 97.5 98.75 100 99.5 99.5 100 100.5 99.25 96.25 95.25 93.5 92.5 91.25 90.25 88.25 86 83.5 82 80 77 73 70.5 68 66 63 60.75 58 54.25 48.75 43 39.25 36.75 34.75 33.25 32 31.25 31.25 31 30.5 29.75 28 26.75 25.25 24.5 24 25 27.5 31.25 36.5 40.25 46.5 51.25 54.75 58.5 60 59.5 59.5 58.5 55.75 54.5 54.25 55.5 55.75 56.5 56 54 51 50 49.75 51.25 52 53.5 50.5 50.75 51
121.25 128 131.75 135.25 137.75 139.5 140.5 141.25 142 143 145 146 146.75 147.5 147.75 147.5 146.5 145.5 144.75 143 140.75 138 133.75 130.5 126.25 122.5 119.5 115.5 112.5 108.5 104.5 101.75 98.25 94 90.5 88.75 83.75 89 90 92.75 94.25 95 95 93.5 92.5 92.75 95.5 97 97 97 97.5 98.25 95.5 94.5 93.5 92.5 92.25 91.25 90.5 89.25 86.5 84.5 83 81.5 79.25 76.75 74.25 73 71.5 68.75 66.75 63 59 52.75 47 42.5 39.5 37 35.75 34.5 33.75 33.5 32.75 32 30.75 29.75 27.75 26 24.5 24 24.5 26.5 29.5 34 39.5 45.75 49.75 53.5 56.5 58.5 58 56.75 54.75 52.5 51 51 53 54.25 55 54 53 50.5 49.75 48 48.75 49.25 50.25 49 49.5 49.25
123.75 129.25 131.25 133.5 135.5 136.5 136.25 137.5 139.25 140.5 142.75 143.5 144.5 144.75 145 144.5 144.25 144 143.25 142 140.5 137.5 134.25 131 127 123 119.25 115.5 112 108.75 105 102 99 96 92.75 88.25 80.5 81.25 85.5 90 90 90 89.75 88.75 89 90.75 93 94 93.75 94 93.75 93 92 91.5 91.25 90.5 90.25 90.5 89.75 87.5 85 84 82.75 81.25 80.5 79 77 75.5 74 72.75 70.75 67.75 62.75 58.25 52.75 48.25 44.5 40.75 38.5 37.25 36.25 35.5 34.75 33 31.5 30 28.5 26.5 25.25 23.75 23.5 25 28 33 39.25 44.25 48 51.5 54.75 56.5 55.5 54 51.5 49.25 48.75 50.25 52 52.5 53 52.5 52.25 50.5 49.25 43.75 42.75 45 45.5 46 46.75 47
125 128.25 130 131.75 132 132 131.5 132.75 136.25 138.75 140.5 141.75 142.5 142.5 142.5 142.5 142.5 142.25 141.25 140.5 138.75 135.5 133 130.5 126.5 122 117.5 113.5 109.75 106.5 103.25 100.25 96.5 93.5 91.75 87.25 81.25 79.75 82 85 85.25 84.75 83 83.5 86.25 89.25 90.25 90.75 90.5 90 88.75 87.5 88 87.5 87.25 87 87 87 85.75 84.25 82.75 81.75 81.5 80.5 80.25 79.75 78.75 77 76 74.25 73 70 66.75 63 58.75 54.75 51.25 47.75 44 41.5 39.75 38.75 37.25 35 32.5 30.25 28.5 26.5 25.5 23.5 23 24 27 31.5 37.25 42.75 47.5 51 53.75 54.5 53 51 49 47 48.25 50 51 51.25 51.75 51.5 52 50.5 46.5 41 39.25 40.75 40.25 41.75 43.25 44.5
124 125.25 127.5 129 127.75 125.5 127.5 129.5 133 135.5 137.5 139.25 140 140 140 140.25 139.5 139 138 138 135.5 133 131 128.5 124.75 121 115.75 110.25 106 101.75 99.25 95.25 91.75 90.25 88.25 83.75 80 77.75 80.75 81.25 80.25 79.25 79.25 81 84 85.75 87 87 86.75 85.5 83 82 82.5 82.5 82.5 82.75 83 82.75 81.5 80.75 80 79 79.5 79.5 79.75 80 79.75 78.25 76.5 75.5 73.5 71.25 69 66.5 63.5 61 58.25 54 50.5 49 46.5 43.5 40.25 37 33.75 31 28.75 26.5 25.5 23.5 22.5 23 26.5 31.5 37.75 42.75 47 50.75 52.25 52.75 51 49 47 44.5 46 49.25 50 50 50.25 50.25 50.75 49.25 45 40.75 38.5 38.5 35.75 39.75 40 42.5
121.25 121.75 123.5 124.25 122 120 123.5 128.25 130.5 132.25 133.5 134.75 135.5 135.5 135.5 136 135 135 134 134 132.75 130.5 129 126.25 123.5 120 115.5 109.5 104.25 99.5 94.25 90 89 85.25 82.25 80.5 76 73.25 77.25 77 75.25 75.5 78 80.5 82 82.75 83.25 82 81.5 80.25 77 76.5 77.75 78 78 78 78.25 78.25 78 77 76.75 76 76.25 77.5 78.25 79 78.5 77.25 76.25 75.25 73.5 72.25 70.5 69 67.25 64.75 62.5 58.75 56.25 54.5 52 49 43.5 38.5 35 30.5 28.5 26.5 25.5 24.25 22.25 22.5 25.25 31 37 42.5 46.75 49.75 51.5 51 49 46.75 45 42 43.5 47.25 48.5 48.75 50 50 50 47.75 44.25 40.25 38.5 36 31 35.75 39 40.75
118 118 119.25 118.25 115.5 119.25 121.75 124.25 127 128.5 129 129.75 130.5 130.25 129.5 130.5 130 130.5 130 130.25 130.25 128.5 126.25 124 122 119 115 110.5 105.75 102.25 99 92.5 87.5 80.5 78.75 77 70.75 70 72.25 72 71 70.75 75 78 80 80.25 79.5 78 77.25 74.75 72 71 72.5 74.25 74 74 73.5 73.75 74 73 73 72 72.25 74.75 76 76.75 76 75.5 74.5 74 73 72 71 70 69.5 67 64.5 61 60.25 58.5 55.75 52 47.25 41.75 36.75 31.25 28.5 26.5 25.5 24.5 22.5 22 24 29 35 40.5 44.75 48.75 49.5 49 46.25 44 42 39.75 40.75 44.25 46 47.25 49.75 50 49.25 46.75 44.5 41.25 37.75 33 29.75 31.25 36 39.5
113.25 113.5 112.75 109.5 110.5 115.25 118.5 121.25 123 124.5 125 124.75 124.5 124.5 124.75 125.5 124.5 124.5 126 126.75 126.25 124.75 122.5 121 120 118 114.75 112.25 109 104.5 101 96.25 91 85 79 74.5 70 69 69.5 69.5 69 69.5 72.25 75 77.5 77.25 76.5 74.5 72.5 70.5 68.5 68.75 69.5 71.25 70 70 69.5 70 70.5 69.5 69 69.5 69.75 72 73.25 74 73.75 73.25 72 72 71.5 70.75 70.5 70 69.5 68.25 65.5 63.75 62.25 60.75 58.75 55 50 44.75 39 33 29 27.25 26 24.75 23.25 21.25 23.5 28.25 33.25 38.75 42.5 46 47 46 44 42 40.75 39.25 40 42.75 44.5 45.5 47.5 49 47.75 45.5 43.5 41.5 38 33 29.5 29.75 32.75 36.75
107.25 107 102.75 106 110.25 111.5 114.25 116.75 118.25 119.25 120 119.25 118.25 118.25 119.25 120 120 119.75 121.75 123 122 121.25 119 117.5 117.5 115.5 114 112.25 110.5 107 102.75 99 94 88.5 82.25 77.75 73.75 70.75 69.25 69 69 68.5 69.75 72.5 74.5 74.75 73 70.75 68.75 67.5 66.75 67.5 69.75 69.25 67 66.5 66.75 67.5 67.75 67.25 66.5 67.25 68.5 71 70.75 71 71 70 68.5 67.5 67.5 67.5 68 68.25 68 67.25 66.25 64.75 63 61.5 60 57.75 52.75 47 41 35 29.75 27.5 26 25 23.75 20.75 23 26.75 31.75 37.25 41 43.25 44 42.75 41.5 39.25 38.25 38.75 40 41.75 43.25 43.5 45.25 47.5 46 44 42.5 41 38 33 30 29.5 31.25 34
100.5 96 97.75 101.75 105.75 107.75 110.25 112 112.75 113.5 114.5 113.25 112 112.25 112.25 113.75 117.25 119.25 120.25 120 119.25 117.5 115.5 113.25 114 113.5 113 111.75 110.5 108.25 104.5 100.75 96.5 91.25 86 81 78.25 74 70.5 70.25 70.25 66.25 62.5 69.25 71.25 71.5 70 68 65.5 63.5 65 65.5 67.25 66 64 62.25 63.5 64.75 64.75 64.25 62.75 64.75 66 67.75 68 67 66.75 65.25 63.25 61.5 61.5 62.25 64 64.5 65.5 65.5 65 64.25 63.25 62 60.5 59 54 48.5 41.5 36.75 31.5 28.5 26.5 25.5 23.25 19.5 22 26 30.5 35.25 39.5 40.75 41 39.75 39 36.75 36 38 40 41 42.25 42 43.5 45 43.75 42.5 41.75 40.5 36.75 32 29.5 29 30.5 32.25
94.25 88.75 94.5 97.25 97.5 102.75 105.75 106.5 106.5 107 106.25 102.75 99 103.5 109 112 115.25 117 118.5 117 114.5 113 111.5 108.5 110.75 111.5 111.75 111 110.5 108.5 105.25 102 98.5 93.5 90 86 82 78.75 75 73.5 72 68.25 60.25 61.5 66.25 68.75 66.5 64.5 61.25 60 63 63.5 64.75 63.75 61.75 60 61.5 63 63 62 60 62 63.5 65 64 62.75 61.75 59.75 57.75 54.75 54.5 58 59.25 60.5 63 63.5 63.25 63 62.25 61.75 60.5 58.25 53.25 48 42.5 40 33.5 28.75 27.25 25.5 22.5 19.5 21.5 24.5 29.25 32.25 35.5 37.5 38 36.75 35.5 33.5 32.75 35.5 38.5 40.5 40.25 39.75 41 42.25 41.5 41.5 40.5 39.5 35.25 31 29 29 30.25 30.75
88.5 80.5 89.25 88.75 94.75 101.5 101.75 100.5 100.5 99.75 97.5 93.25 94.25 105.25 111.5 113 114 115.25 115.25 114 111.75 109.5 106.75 105 109 109.5 110.5 110.5 109.5 107.25 105.5 102.75 99.75 96 92.5 89.5 83.5 79.75 79.75 77.25 74.25 70.5 63.75 59.75 60.25 63.5 62.75 61.5 60.25 60 61 61.75 62.5 62 59.25 59.5 61 61.75 61.75 60.5 60 61 61.5 61.25 59.5 57.75 56.5 53 50.75 48.25 48 50.25 54 56.5 60 59.75 59.5 60.25 60.5 60.5 60 55.75 50.75 48.75 44.75 41 35.5 29.5 27.75 25.75 22.75 19.25 20.75 23 26.75 29.5 32.5 34.25 35 34 32.25 30.5 29.75 32.5 35.25 37.5 37.5 37.5 37.75 39.5 39.5 39.5 39 36.75 33.5 30.25 29 28 28.75 29
84.5 76.5 78.75 84 95.75 99 96.5 93.5 93 92.75 91.25 89.25 98.75 106.75 110.25 111.5 112.5 112.75 113 111.25 108.75 106 101.75 102.5 105 105.25 108 108.5 106.5 105 104.5 103 101.25 98 93.5 90.25 86.75 82.75 82 80 76.5 71 65.75 60.75 59 59.5 60 59.75 59.5 57 58.25 59.5 60 58.5 57.5 60 60.75 60.5 60 59 59 59.75 59.5 57.5 55.25 53.5 50.75 47.25 45.5 43.5 43.5 45.5 49.25 52 53.25 53 54 55.75 56.75 58 57 52.75 50.75 50.25 46.75 42 37 32.25 29.5 26.5 23.25 20.5 19.25 21.25 24.5 27.5 30 31.25 32.25 31.5 30 29 29 30.75 32.5 33 33 33.75 34.75 36.25 36.5 37 36.5 34 31.75 29.75 28.25 27 26.25 25.5
83.25 77 70 85.25 93.25 94 91 86.5 84.75 83.5 79.75 90.75 100.25 104 107 109.5 110 110.5 109.5 108.25 105.5 102.5 97.25 100.25 100.5 101.75 103.75 105.25 104 103.5 103 102 100.25 98.25 94 89.75 89.5 87.75 85 82 78.5 73 68.75 63.75 59.75 59 59 59 56.25 51.75 50.25 52.25 53.25 53.25 54 56.75 58 57.75 57.5 57 57 57.25 56.25 53.5 50 49 46.25 42.5 40.5 39.25 39 41 43.25 44.75 45 46.25 48.25 50.5 51.75 54.5 53.25 50.5 50.25 49 46 42 38.5 34.5 31.25 28.5 24.5 20.25 18.75 19 21.75 24.75 27.75 30.25 29.5 29.5 28.5 27.75 27.5 29 29.75 29.5 30 30.5 31.5 32.5 33.75 33.5 33.25 32 30.25 28.5 26.25 23.25 23.5 22.5
80.5 78 68.5 81.5 89.5 89 86 81 74.75 69 85 94.5 98.75 101.25 103.5 105 105.5 106.5 104.75 103.5 101.75 97.5 89.75 95 95.75 100 101.25 103 102.5 102 102 100.75 99.75 99 96.75 93.5 92 90.75 87.5 83.75 80 75 71.75 67.75 61 61 60 59.75 58.25 53.75 51.25 49.5 48.75 48 50.25 52.75 54 53 54.5 54.5 54.5 54.5 53 50.75 47.5 45 41 38 37.75 38 37.5 36.75 37 37.25 38.5 40.75 43.5 46.5 47.75 50.25 51 49.75 49.75 48 45.25 42.75 39.75 36 32.5 29.25 25.5 21.25 18.5 18 19.75 21.75 24.75 27.5 27.25 27.5 26.5 26.25 26.25 26.75 26.75 27.25 28 28.5 29.5 29.75 31 31 30.25 30.25 27.75 25 21 19 20 19.75
76.25 73.75 62.75 80.25 85.25 84.5 82 75.25 67.25 79.5 90.5 93 96 98.75 99.75 100.75 101 101.5 100.5 100.25 98.25 93 82.25 88.25 90 95.75 99.75 101.5 101.75 102 102 101.75 101 100.5 99 96.5 93.75 91.75 88.75 84.75 81.25 75.75 70.5 69.25 68 65.75 63.5 61.75 60 58.25 55 52.5 51.25 50 47 50.5 51.75 49.75 51.5 53.25 52 52.25 51 48.25 44.25 41 39 43 45.75 43.75 41.5 40.75 39.25 36 35.5 37 39.25 42.5 44.5 46.5 48 47 47.25 45.25 43.25 41 39 35.5 32.25 30 26 22.5 19.75 18 18.75 20.25 22 24 25 25.5 25 25 24.5 24.25 24.25 24.5 25.75 27 27.5 28 29.25 28.5 27.25 26.75 24.25 22 20 19 18.75 18
69.75 67.25 63 76.75 80.5 79.25 76.5 67.5 71.75 84.25 88.5 89.5 92 94.5 96.25 97 98 98.75 99 97.5 94 89.25 79.25 79.25 86.75 93.25 98.75 101.25 102.25 103.5 103 102.5 102.25 101.75 100.75 98.25 94.25 92.25 88.25 83.25 79.5 76.25 71.25 71.25 71.5 69.75 67.25 64.25 62 61 59 55.25 53 51.5 47.5 46.25 48.75 49 51 51.75 50.25 49.5 46.5 43 40.5 39.75 45 50.25 51 49 45.5 43 42 39.25 34.5 34.5 35.5 38.75 41.75 42.75 43.25 44.5 44.5 43.75 41.25 39 36.75 34.25 30.25 28.75 26 23 20.5 17.75 17.25 19 21 21.75 23 23.75 24 24 23 21.5 21.5 22.25 23.5 24.5 25.5 25.5 26.5 25.25 24.25 22.75 21 20 19.25 18.25 17.5 17
59 60.25 59.25 71 74.5 74.5 71.25 61 76.25 81.75 83 86.25 88.5 90.5 92.5 92.75 94 95 94.5 93 89.25 83.25 72.5 79 91 97.25 100.75 102 103.75 104 104 103.75 103.5 102 100.75 98 93.25 89.25 87.25 83.75 80.5 79.75 77 75 73.75 72 70 67.5 64.25 62.25 60 57 54 51 49.25 47 45 45.5 48.75 47.75 46.75 43.5 40.75 39.25 40.25 46.5 50.75 52.25 51.5 50.25 47.5 43.5 40.75 39 38.75 35.75 33.25 33 37.5 40 40.25 42.5 42.75 42.5 41.5 40 38 34.5 30.5 29 27 24 20.75 18.25 17 18 19.5 20.75 22 23 23.5 23.5 21.5 19.75 19.5 19.75 21.5 22.75 23.5 23.75 23.5 22.5 22 20.25 19.25 19 18.75 17.75 17.25 16.75
49 49 52.75 60.75 65.75 67 64.25 62.5 74.75 78.25 79 82.25 83.5 85 88 88.75 91 91.5 90.5 87.25 81.75 73.5 71.5 88.75 96.5 100.5 101.5 103 104 104 104 104 103.5 101.5 99.75 96.5 94 90.75 89.5 86.75 83.5 81.5 81 78 75.5 74.25 72 69.5 66 62.5 59.5 56.75 54.75 52 50.75 49 45.5 43.5 42.75 41.75 42.75 40.25 41.25 41.75 47.5 51 52.75 53.5 51.5 48.5 47.25 45 40.75 41 41.75 38.5 36 34 32.5 32.75 37.5 40.25 41 41.5 41.25 41.25 39.5 36.5 33.25 31 28.5 25.5 22.5 20 17.5 17 17.5 19 20 20.75 22 22 20.5 19 18.75 19.5 20.25 21.5 22.5 22.5 21.75 21.25 20.25 19.75 19 18 18 17 17 16
68.25 59.5 50.75 48.5 51 55.75 57 62 70.5 70.75 74.75 77.25 77.25 79.5 82.25 85.25 87 87 85 79 68.25 65 83.25 93.5 97.75 100.5 101.5 102.75 103.75 104 104 104 103.25 101.75 100.5 98.5 95.5 93 91 89 86 83 81.5 79 76.25 74.5 72 69.25 65.5 61.5 58.75 57.5 56 52.5 50 49.25 48.75 48.5 48.75 49.75 49.25 47.5 48 48.25 49.25 50 54.5 55.75 55.75 51 49.25 49.5 47.25 47.25 47 42.75 39.25 36.25 34 31.25 31.25 33.75 36 38.25 40.5 40.25 40 38.25 35.5 32.5 30 27.75 25.25 22 19 17.25 16 16.25 17 18.5 20.25 20.5 20.25 19 18.5 20 21 21.25 21.5 21.25 20.75 20 20 19 18.25 17.75 17.25 16.5 16 15.25
79.25 70.5 64.5 59.5 52.5 47.75 48.75 58 62.5 69 70.75 70 70.75 74.25 79 82 82.75 81 77.75 68.25 60 77.5 88 93 96.75 99.5 101 101.75 102.5 103.25 103.5 104 103.5 102.25 101 99.5 97 94.75 91.75 89.5 86.25 82.75 80.5 78 75 73 70.75 68.25 64.75 62 60.25 58 57.25 56.75 54.5 56 57 57 58.5 59.75 60.25 59.5 58 57.75 56.75 56 58.25 59.25 59.75 57.25 56.5 56.5 55 54 52.75 49 43.5 38.5 37.25 36.25 30.5 28.25 28.75 31.25 36.25 39.5 40 39.5 37 34.25 32 30 28.5 25 21.25 19 18 17.5 16.5 15.25 17 18.5 19.5 17.25 18.5 20.5 21 21 21 21 19.75 19.5 19 18.25 18 17 17 16 15.25 14.75
86 80.75 78 74 67.75 57.25 46.75 48.5 55.75 63.75 66 62 70.5 73.25 76.5 79.25 78.25 74.75 67.75 59 68.5 82.25 88.25 92 94.75 97.25 99.25 100.75 101.25 101.5 102 102.5 101.75 101.5 100.75 99 96.5 94 91.25 88.5 85.25 81.75 79 76.25 73.25 71.25 70 67 63.25 61 59.75 59.75 60 61.25 62.75 65.5 66.5 67 68.25 69 69.5 69.5 69 68 67 66.25 66 67.25 66.25 65.25 65 64.25 62.75 61 58.25 54.25 48.25 41.5 41.25 41.5 40.25 34.5 29.5 27 30.25 35.75 39.75 40 38.25 35.5 34 32.5 31 28.75 25.5 22.25 18.75 15.5 15.5 15 15 16 16.25 16.75 19.25 20.75 20.75 20.5 20.5 19.75 19.5 18.5 18 17.25 17 16.25 16 15 15 14.25
91.75 89 86.75 83 77.5 68.5 64 50.75 45.75 51 57 57.25 68.5 71.5 73.5 75 73.5 68 60 62 74.5 81.25 85.75 89.5 91.5 93.5 96.25 98.75 100.5 100.5 100.5 101 100.5 100 99 96.5 94 91.25 88.75 85.25 82.5 80 77 74 70.75 69 67.5 65.25 60.5 60.25 62 65 66.5 68.5 71 73.5 74.75 76 77 78.25 78.5 78.75 77.5 77 76.75 75.25 74.75 74.5 73 72 71.5 70.5 69 66.25 63 59.5 52.25 47.25 44.75 44 42.25 40.25 34.75 29 26.75 31.5 36.5 39.75 38 35.75 34.75 34.5 33.75 32.5 30.5 28 24.5 21.25 19.25 15.25 15.25 15 15 15.5 17.5 19.75 19.5 19.5 19 18.5 18.25 18 17.25 16.75 16.5 16 15.5 15 14.5 13.5
98.25 95.5 92.5 89.5 85.25 80.5 76.75 71.25 60.75 48 47.25 50.75 59.75 65.5 68.75 71 68.75 60.25 51.75 68.25 72.5 78.25 82.25 84.75 87.25 89.75 92.75 95.25 97 98 98 99 98.25 97.5 95.5 93.75 91 88.5 85 82 79.5 77 74.25 72 70.5 69.25 67.75 67.25 65.5 66.25 69 72 73.5 75.75 78 79.75 81 82.25 83.25 84 84 84.5 84 83 82.5 81.5 80.5 80 78.75 77.75 76.5 74.5 73 70.5 67 62.25 56.75 50.5 48.5 45.75 42.25 39.5 37 33 27.75 26.5 31.75 33.5 34.25 34.75 35.25 35.75 36 36 34.5 32.25 30.25 26.25 23 19.75 16.75 15 14.5 14.75 14.5 15.75 17 17.5 17.5 17.5 17.25 17 16.75 16.25 16 15.75 15 14.25 13.5 12.75
101.5 100 97 94.25 91 88.25 85.5 82 77.75 69.25 55.75 46.5 46.75 52.75 62 66 63.5 55.5 54.25 62.75 68.5 73.5 77 78.75 81.25 86.25 90 91.75 92.75 94 94 95 95 94.25 92.75 90.75 87.5 84.5 81 78 75.5 73.5 71.25 70.5 70.25 69.25 69 69 70 72 74.75 77.25 79.25 81.5 83 84 85.5 87 88 88 88.25 88.75 88.75 87.5 86.25 85.5 84.5 83.75 82.75 81.75 80.25 78.25 75.25 72.5 69.5 65.25 60.25 56 52 48.5 44.5 40 40.25 39.25 34.5 28 25.5 28.75 31.75 34 35 36.5 37 37.5 36 33.5 30.25 27.5 23.5 21 18.25 15.75 14.5 14 14 14 14.75 15.5 16.25 16.5 16.25 16.5 16 16 15.75 15 14.25 13.5 12.75 12
103.25 101.75 100 98.5 95 92.75 91.5 88.25 84 80.25 73.25 64.25 51 46 49.25 57.75 58 52 49.25 57.25 63.5 68.5 69.5 73.25 77.25 81.75 85.5 87.5 88 90 89.5 91 91 90.5 89 86.5 83.25 80 76.75 73.5 71.5 69.75 68.75 68.5 67.5 67.75 68.5 69.5 71.25 72.75 76 79.5 81.25 83.5 85.25 87.25 89.25 89.75 90.5 91.25 91.5 91.5 91.5 90.25 89 87.5 87 86 85.5 84 82 80 78 74.25 71.5 68.75 64 60.5 55.5 49.75 48.5 46.75 46 43 40 35.75 29.25 24.25 26.5 31.5 34 34.5 35 35 33.5 31.25 29 26.5 23.5 21.5 18.5 16.5 15.25 14 14 14 14 14.25 15 15.5 16 16 16 15.25 15 14.25 13.25 12.75 12 11.25
104.25 102.75 101.25 100.5 99 96 93.5 92 88.25 83.5 78.75 72.75 66.25 55.5 46 43.5 48.5 48 45.5 53.25 60 60.75 64 69.25 73.5 76.75 79.25 81 83 84.25 84.75 85.75 86.5 85.25 83.25 81 78.25 74.75 71.5 68.75 67.5 66.75 66 65.25 64.5 65.5 67.75 69.5 71.5 74 76.25 78.75 81 84.5 87 89.5 90 90 91.25 91.75 91.5 91.25 91.25 90.5 90 88.5 88 87 86.5 85 83 80.75 78.5 75.25 72.5 70.5 66.5 62.75 59.25 54 51 51.5 50 47 43 41.5 37 28.75 23.75 27.25 31.25 32.25 32.5 32 30 28.5 27 25 23 20.5 18.5 17.5 15.5 14.25 14 14 13.5 13.5 14 14.5 15 15.5 15 15 14.25 13.25 12.5 12 11.25 10.5
103.75 102.75 101.5 101 99.5 97.5 94.75 92.25 88.5 84 79.75 71 64.25 57.75 49.5 44.25 41.5 40 39.5 46.5 52.5 57.75 61.75 65.25 68.75 69.5 72.5 74.75 75.25 76.75 79.5 81 81.75 80.5 78 76 72.75 69.75 67.5 64.5 64 63.75 63.5 62.5 61.25 61.5 66.5 69.75 72.25 75 78 80.25 82.25 84.5 86.5 88 89.25 89.25 89.75 90.25 89.75 88.25 88 87.75 87.25 86.5 86 85.25 84.5 84 81.5 79.25 76.75 73.5 71.25 70 66.75 63.5 60.75 58.75 55.25 53.5 52 49.25 45.5 42.5 38.5 31 27 22.75 25 28.5 29.5 28.5 26.75 25.5 24.5 23.5 22 20.25 18.75 17.5 16.25 15 14.25 14 13 13 13.25 13.5 14 14.5 14.5 13.75 13.25 12.25 12 11.25 11 10.5
102.5 101.75 100.75 100 99 97 94.5 91.75 88.5 84 79.5 75 70.75 67.75 66 63.5 60.25 53.5 42.25 37.25 43.5 53 58.25 59.75 61.75 61 65.25 67.5 66.5 70 73.5 76.25 76.75 75.25 73 71 67.75 65.5 63.25 60.25 60.75 61.5 61.5 60.25 59.75 61.75 67 70.5 73.75 76.25 79.5 81.5 82.5 84 85 86 86.5 86.5 87 87 86.5 85.75 85.25 85 84.25 84 83.25 82.75 82 80.75 79.25 76.5 73.75 71 69.25 67.5 64.5 63 61.25 60.5 58 54.25 52.25 49.25 45.5 42.5 38.25 31.25 27.25 24.25 21.25 22 23.75 24 23.5 23.5 22.5 22.25 21.25 20 18.75 17.5 16.5 15.5 14.75 14 13 12.5 12.5 12.5 12.5 12.75 12.75 12.5 12 12 11.25 11 11 11
100.5 100.5 99.75 98.75 97.5 96 94.5 92.25 90 87.25 83 80.5 77.75 76.5 75 71.75 67.75 62 51.75 37.5 38.25 49.75 53.25 53.5 54.5 55.75 58.25 59.5 59.75 64.75 70.25 72.5 72.5 70.5 68.75 65.75 63.5 61.5 60 59 59.75 60.5 60 60 60.5 66 70.75 72.75 74.5 76.5 78.75 80.25 82 83 83.25 83.75 83.25 83 83 83 82.75 82 82 82 81 80.25 79.75 79 78 76.75 74.5 73 70 67.75 65.5 63.5 61.75 61 60.5 59.5 56.25 53 51 47.75 44.75 40.75 37.75 33.25 29.5 26.5 22.5 20 20.5 20.5 20.75 21.5 21 21.25 20.5 19.25 17.75 16.5 16.75 16 15 13.75 12.25 12 12 12 12 12 12 12 11.25 11 11 11 11 11
98 98 97.75 97 96 95 93.75 92.5 90.5 89.5 86.5 84 82.5 81.5 80.5 76.5 71 64.25 54.75 42.5 37.5 42.25 47 46.5 45.75 49.25 50.75 49.75 54.75 62.5 67.75 70.5 69.75 67.75 65 61.5 59.75 58.5 58.25 58 58.5 59.25 59.25 61 65.5 70 71.5 73 73.75 74.5 76 78.25 79.75 80 80.25 80.5 80 79 78.75 78.5 77.75 77.5 78 77.5 76.75 75.75 75 74 71.75 71.25 70 69 66 64 61.5 59.5 59 58.5 57.75 55.5 52.5 50 48.25 46.25 44 41.5 38.5 34.5 31.25 29.5 26 22.25 20.25 19.25 19.5 19.25 18.25 18.75 19 17.25 16.5 15.5 15.5 15.5 15 13.75 12 11.5 12 11.5 11.25 11 11 11 11 11 11 11 11 10
94.5 95 95.25 95 94.25 93.75 93 92.5 91 89.75 88 85.75 84.75 83.5 82.25 79 72.5 65.25 56.75 47 38.25 38.5 39.5 38.5 38.25 40.25 41.5 45 53.5 60.75 65 67 66.5 64.75 61 58.75 57.25 57 57.25 57.75 57.75 59.5 61 64.75 68.75 71 72.5 73 73.25 73.5 73.5 75.25 76 76 76 75.5 74.75 74 73.5 73 72 71.5 72.5 71.5 71 70 69.5 68.5 66 66.75 65 63 61.25 59.25 57.75 55.5 54.5 54.75 53.5 51.75 49.25 47.5 45.25 43 41 39 36.25 34 32 31 29.25 25 22 20 18.25 16.75 15.25 15.5 15.5 15 14.75 14.75 14.25 14.5 14.5 13 12 11.25 11.25 11 11 11 11 11 11 11 11 11 11 10
90.75 91.25 92.25 92.5 92.5 92 91.75 92 91.25 89.75 88.5 86.5 85.25 84.25 83.25 79.75 74.75 68.25 62.25 54.75 47 41.75 38.25 38.25 40 39.5 38 40 49.25 58.25 61.5 64 64.25 63 60.5 58.5 56 55 56.75 57.5 58.75 60.75 63.75 66.75 69.75 71.25 72 72.25 72 71.5 71 72 71.75 71.5 70.75 69.75 69 68.25 68 67 66.5 66.25 66.5 66.25 65.5 63.75 63 63 61 62.5 60.25 58.25 56 54 53.25 51.5 50 50.5 49.5 48.25 46.5 44.5 42 40 38.5 36 33.75 32.25 31.25 30.25 28.5 25.75 23.5 21.5 19 16.5 14 13 14.25 16.25 13.75 12.5 12.5 12.5 12.5 12 12 11.5 11 11 11 11 11 11 11 11 11 11 10.75 10
88.25 88.5 89.5 90.5 90 89.75 89.5 90 90.25 88.5 87 86.25 85.5 84.75 83.5 81 78 73.5 69 63.75 60 56 55.5 56.75 52.25 47.75 41 37.75 39.75 51.25 57.5 60.25 62 62 60.5 57.5 54.5 52.75 55.75 57.5 59.75 60.75 62.75 65.25 68.25 69.5 69.5 70 69.75 69.5 68.5 67 66.5 65.5 65 64 62.75 62.75 63 61.75 61.25 61.5 60.5 60.75 59.5 58.25 56.75 58.5 56.75 57.5 55.75 53.5 50.75 49 48.75 47.5 47 47 46 44.5 42.5 40.5 38.75 36.5 34 32.5 30.75 30.25 30.25 29 27 25.25 23.5 22 20.5 17.75 14.5 13.75 16.75 19.5 16.75 16.25 12.5 11.5 11.5 11.5 11 11 11 11 11 11 11 11 11 11 11 10.75 10 9.25
85.25 86 87 87.5 87 86.75 86.5 86.75 87 85.75 85.25 85.5 85 85 84 82 79.75 77.75 73.25 70 67.25 63.75 61.25 61 58.5 53.5 49 39.75 36.5 41.5 52.5 56.75 60.25 61 58.75 55.5 51.5 50.75 54.25 57 59.75 61 62.5 63.75 65.5 67 66.75 65.75 65.5 65 63 60.75 60.5 59 59.5 58.25 57 57.75 58.25 56.75 56.25 56.5 55.5 55 54.25 53 51.5 52.5 51.25 51.75 51.5 49.75 48 45.5 43.75 43 43.25 43.5 42 40.5 38.75 36.5 34.5 32.5 30 29.25 28.5 28.75 29.25 27 25 23.25 22 20.75 19 16.25 13.5 14.5 16.75 16.5 16 15 12.5 11 11 11 11 11 11 11 11 11 11 11 11 11 11 10 10 9.25
83 83.5 84.25 84.25 83.25 83 83 83 83.5 82.75 83 84.25 84.5 84.5 83.75 82.5 80.75 79.5 76.75 74 71.25 68.75 65.5 63.75 61.5 57.5 52 44 37.5 36.25 47.25 54 57.25 58.75 56.5 53 50 50 52.5 56 59.75 60.75 61.75 62.5 63 63 62.75 61 60.5 59.5 57.25 56 54 52.5 53.5 52.75 51.75 53 53 51.75 50.25 51 50 49.5 49.25 48.25 47 48 48 48 47.5 45.5 43.75 41.75 40 39.25 40.5 41 38.5 37.5 35.25 32.5 30.75 29 28 27 26.5 26.5 26.25 24.75 23 21.5 20.25 19 16.25 14 12 17 17.75 15.75 15 13.75 12.25 11 11 11 10.75 10.5 10.25 11 10.25 10.75 11 10.75 10.75 10.5 10.5 10 10 9.75
81.25 82 81.5 81.25 79.5 79.25 79.5 79.25 80 80.25 81.5 82.75 83.75 84 83 82 81 80 78.25 75.75 72.75 70.5 68 65 62.75 60 55.25 50.25 41.75 36.5 41 49.5 54 55.5 54.75 51.5 49.75 50.5 52.5 54 55.5 56 58.5 57.5 57.5 57.5 57.75 55.25 53 52.5 50.75 51 48.75 47.25 47.75 48 47.75 49 49 47.5 46 46.5 46 45 44 43 43 44.75 45.5 45 43.5 41.5 40.75 39.5 38 36.25 36.75 37.75 35.5 33.75 31.5 29 28.5 27 26 25 24.5 23.75 23.5 22.5 21.25 20.5 19.5 17 14.25 13 12 14.5 15 14.5 13.75 12.25 11.5 10.75 10.25 10 10 10 10 10 10 10.25 10.5 10 10 10 10 10 10 10
80.5 80.75 78.5 77.5 75.5 76.25 76.75 76.75 77.75 78.5 80.25 81.25 82.5 82.5 81.5 80.5 80 79 77 75 72.75 70.5 68.5 65.75 63.5 60.5 57.5 53 45.75 39 38.25 42.5 49.25 52 52.75 50.5 49.25 50.25 52 52.5 52.5 51.5 51.5 51.5 50.5 50.5 50 50 48 47.25 47 46 43.5 41.5 42.75 43 43.75 44.75 44.5 43.5 41.75 42 42.5 40.5 40 39 39.5 42.5 43.5 42.5 40.5 38.75 38.25 36.75 35 32.5 32.25 33 31.75 31.25 30 28 26.5 25 24 22.5 21.75 21.5 21.5 20.5 19.5 19.5 18 15.25 13.5 12.5 12 12.5 13.5 13.25 12.75 11.25 11 10 10 10 10 10 10 10 10 10 10 10 10 10 10 10 10 10
77.25 77.25 75.5 73.5 71.5 73.25 74 74.5 75.75 77.75 79.5 79.25 79.75 79.75 79 78.5 78 76.5 74.5 72.75 71.25 70 68.5 66.75 65 62.25 60.25 56.75 49.25 40.75 37.25 38.5 43.75 48.75 50.75 49.25 46 48.75 51 51 50.75 49.75 49.5 49.5 49 47.75 47.75 46.75 44 43 43 42 39.5 37.5 38.75 39.5 39.75 40.5 41 40.5 38.25 38.5 40 38 36.25 36.75 38.5 41 41.5 40.5 38.75 37 36 34 32 29.5 29.25 29.75 29.25 29.25 28 26 24.75 23.25 21.25 19.5 19.5 19.5 19.25 19 18.5 17.75 16 14.75 13.5 12.5 12 12 12.5 13 12 11 11 11 10.25 10 10 10 10 10 10 10 10 10 10 10 10 10 10 10
72 72 71.5 70 68.75 70.25 72 72.25 72.25 74.25 76.25 76 76.5 76.75 75.75 75.25 74.25 73.25 72 71.5 70.75 70 69.25 67.5 66 64 62 59.5 53 43.75 37.5 36.75 39.75 45 49 44.5 41.25 45.75 48.25 48.75 47.5 46.75 46 45.5 44.5 43 42.5 41.5 39.5 39.25 39 38.5 36.75 35.5 35.75 36.25 36.75 37.5 38 37.25 35.5 35.5 36 35.25 33.25 34.25 36.25 38.75 39.25 39.25 37 35 33 31.75 30.5 29.25 28.5 27.75 27.5 26.75 25.25 24 22.75 21.75 20.5 19.75 18.75 18.5 18 17.75 17.25 16 15 14 13.5 12.5 12 12 12.5 13 12 11 11 11 10.5 10 10 10 10 10 10 10 10 10 10 10 10 10 10 10
69 69 68.5 68 67.75 69.5 71 70.25 70 71 72.5 73 72.75 73 72.25 71.75 70.75 70.5 69.75 69.75 69.75 69.5 68.75 67 65 63.5 61.75 60.5 55.75 48.5 39.5 36.75 38.25 41 42.25 40 40.5 44 45.75 44.75 43.25 43 42.75 41.5 40.75 39 38.25 37.75 36.5 36.5 36.5 35 33.25 32.5 32.75 33.5 34.25 34.75 35 34.5 33.25 32.75 32.5 32 30.25 31.25 33.5 37 37.5 37 35 32.75 31 29.75 28.75 28.25 27.25 26.75 25.5 24.5 23 22.25 21.5 21 20 19 18.25 18 17.75 17.25 16.5 15.5 14.25 14.75 14 12.5 12 12.25 13.25 13 12.25 11.25 11.25 11 10.5 10 10 10 10 10 10 10 9.5 10 10 10 10 10 10.25 10
65.25 65 64.75 66.25 67.75 69.25 70 69.25 70.5 71 71.5 69.5 69.75 70 69.5 69 68.5 68.25 67.5 68 67.25 66.5 66 65 63.25 62 60.75 59.25 54.75 50.75 43.5 37.75 37 38 39 40 41 42.25 42.5 41.75 39.75 40 39.75 39 38 37 35.75 35.5 35 34.75 34.5 32 31 30 30.5 31 31.75 32 32.5 31.5 30.5 30 30.5 30 29 29.5 31.25 34 35.5 35.25 33.25 31.25 30.5 29.75 28.25 27.5 26.5 25.25 24.5 22 20.5 20.5 20.5 20 19.5 18 17.5 17 17 17 16.75 16 15.5 15.75 15.25 14.5 13.25 14 15 14.5 14 13.5 14.25 11.75 11 10.5 10.5 10 10 9.5 10 9.75 9 10 10 10 9.75 10.25 11 10.75
61.25 61.75 61.25 63.25 65 66.5 68.25 68 69.25 69.5 69.5 67.75 67.75 67.75 67 66.25 65.75 65 65.25 66.25 65.5 64.5 64.25 61.25 60.5 60 59.25 56.75 53.5 50 44.75 40.25 37.25 34.25 36.75 40.5 41.5 42 41.5 40.25 39.5 39 38.75 37.5 36.75 35.75 35 34.5 33.5 32.5 30.75 29.75 29.5 28.5 29.5 29.5 30.25 30.5 31 30.5 29.5 29 29 29 28.75 29.25 30.25 32.5 33.5 33.75 32 30.75 30 29.25 28 27.25 26.25 24.75 22.25 20 20 20 19.5 20 18.75 18 17 17 17 17 17 16.5 16.25 16.25 16 15 15 15 15 15 15 15 14 12 11.25 10.25 10 10 10 9.75 9.5 9.25 8.5 10 9.5 9.75 10 10.75 11.5 12
58.75 58.75 59.5 60.25 62.5 64 65.5 65.5 66 66 66 65 64 63.75 63.75 62.25 62.25 63 63.5 64 62.5 62.5 61 59 57 56.75 56.75 55.5 52 48 44.75 39.5 34.75 30 31 40 42 42 42 40.75 39.5 39 38 37 36 35 34 33.75 31.75 30 29 29 29 28 28 28.75 29.25 29.5 29 28.5 28 27.5 26.25 26.5 27.75 29.25 30 32.25 32.5 32.25 31 30 29.25 28.25 27.25 26.25 25.25 23.5 21.75 20.25 19.25 19 19 19 18 17.25 17 16.25 16 16 16 15.75 14.75 14.5 14.75 15 15 15 14.75 14 13.5 13.5 12.25 11.25 10.25 10 10 10 10 9.5 9 9 8.75 9.5 9 10 10 11 11.5 12
58 57.5 59.25 60.25 60.75 62.25 63.5 63 62.25 62 62 61.5 60.25 59.75 60.5 59.5 60 61.5 61.5 61.5 61 60.5 59.75 56.25 53 52 54.25 55.25 52.5 48.75 45.5 39.75 34 29.75 29.75 38 41.5 42 42 41.75 40.5 39.75 38.25 37.25 36 35.5 34.75 34 32.75 31 30.5 29.75 29.5 29 29 28.5 28 27.5 26.5 26.5 26.5 25.5 24.75 24.75 27.25 29.25 30.75 31.5 32 31.25 30.5 30 29 27.75 26.25 26 24.75 23.5 21.5 20.5 19.5 19 18.5 18 17.25 17 16.25 15.25 15 15 15 14.5 13.75 13.5 13.5 13.5 13.75 13.5 13 12 11.5 11.5 11 10.25 10 10 10 10 10 9.25 9 9 9 9 9.5 10 10 10.75 11 12
57.5 57 58 58.75 59.25 60.75 61 60.25 59 58 58.25 58.5 58.25 58.25 58.5 58 58 59.5 59.5 59.25 58.25 58.25 56.5 53.75 49.75 48.5 50.25 53.25 51.5 49.5 47 41.25 34 29.5 30.25 38.75 41.25 41.5 42 42 41.75 40.5 39 38 36.75 36 35.5 35 34.75 34.25 33 32.5 31 29.75 28.75 27.75 26.5 25 25 25 25.25 24.75 24.25 25.25 27.75 30 31 31.5 32 31 30.5 30 29.25 26.75 25.25 25 24 22.75 21.5 20.5 19.5 19 18 18 17 16.5 15.25 14.75 14 14.5 14.25 13 12.5 11.5 11 11.25 12 11.5 11 10 9.5 9.75 10 9.5 10 10 10 9.75 9 9 9 9 9 9 9.5 10 10 11 11 12
56.75 56.5 56.5 56 55.25 56.5 56.25 55.75 55 55 55.5 56 56.5 56.75 57.25 56 55.25 56.75 57.5 57 56 55.25 53.25 50.5 48 47.75 49.25 50.75 50.5 49.25 46.5 40 33 29.25 30 36.25 40 40.75 41 42 42 40.75 40 39.25 38 37 36.5 36.5 36 35.5 35.25 34.75 33 31.25 30.5 29 27.75 26.5 25 24 24 24 24 25.25 28.25 30.75 31.25 31 31 31 30.25 29.25 27 25.25 24.5 23.5 22.75 21.75 20.75 20.25 19.5 18.25 17.75 17.25 17 15.75 15 14 13.75 13.5 12.75 11.25 10.5 10.25 9.25 9.75 10.5 9.75 9.25 9 9 9 9 8.75 10 9.5 8.75 8.25 8 8.5 9 9 9 9 9.5 10 10 11 11.25 12
56 55.5 54.75 53.25 51.5 51 52 51.25 52 52 51.5 51.75 54.5 56.25 56.5 53 51 53.25 54 53.25 51.5 50 49.25 47.75 46.5 46.5 47 48.5 48.5 47.25 44.75 40.5 33.5 29 29.5 32 36 38.75 40.25 40.75 41 41 40.75 40 39.25 38.5 38.5 37.75 37.5 36.75 36.25 35.5 35 33.25 32 30.75 29.5 29 26.5 24.75 24 23.25 24 25.25 27.75 30 31 31 30.75 30 29.5 27.25 25.25 24 22.25 21.5 21.25 20.5 20 19.25 18 17.5 17 16.75 16.25 15.25 14.5 13.5 13 12.25 11 10 10 10 9 9 9.25 9 9 9 9 9 9 9.25 9.75 8.25 8 8.25 8.25 8.75 9 9 9 9 10 10 10.5 11 11.5 12
55 54.5 52.75 49.75 48.75 48.5 49.25 47.75 48.75 48.75 48.75 49 50.5 56 57 50 49 49.25 49 48.5 47.5 47.5 46.5 45 43.25 44.5 45.25 46.5 46.5 46.25 44.5 42.25 37 29.75 28.25 29 32 34.5 37.25 39.25 40 40.5 41 40.5 40 39.75 39.5 39.5 39 37.75 36.75 36 35 34.5 32.75 31.5 30.75 30.25 28.5 25.5 22.25 22.5 24 25 27.5 28.5 30 30.5 30 29.5 28.25 26 24 22 20 20 19.75 19.25 18.25 17.5 17.25 16.75 16.25 16 15.5 15 14.25 13.25 12.5 11.5 10.5 10 9 9.5 9 9 9 9 9 9 9 9 9 9.5 9 8 9.25 9.75 10 9.25 9 9 9 9.5 10 10 11 11 11.5 12
53.5 53 50.75 48.75 49.75 47.5 46.25 44.25 44.25 46 48.75 51 53.5 56.25 57 51.25 48.5 47 46.5 46.5 45.5 45.5 45 42 39.75 40.75 43 44.25 44.5 45.25 44.5 42.5 40.25 34.25 29.25 28 29 31.5 33.5 35.25 36.75 39 40 41 41 41 41.25 41.25 40 38.5 37 35.75 34.75 33 31.25 30.5 30.5 30 27.25 23.5 20.5 21 24.25 26 27.75 29 29.75 30 29.5 28.75 27.25 25.5 23.5 20.5 19.25 18.5 18 16.75 16.25 16 15.75 15.5 15.25 15 14.5 14.25 13.25 12.5 12 11.25 10.5 10 9 9 8.5 8 8.5 8.5 8.5 8.5 8.5 8.25 8.25 8.75 8.25 9 10 10.25 10 9.25 9 9 9 10 10 10.5 11 11 12 12
51.5 51.25 50.5 48.5 50.75 49.5 45 40.5 40.75 44.5 50 55 56.5 56 55.25 50.75 47.5 45 42.75 41 40 42.5 42.5 39.75 38.75 40 40.75 41.25 41.75 43 43 42 40.5 38.25 31.75 28.5 28.25 28.75 31 32.5 34 36.5 39.5 40.5 41.5 42 42 42 40.75 39.75 37.5 35.5 34 32.25 30.25 29.75 29 28 24.75 22.5 20 22 25.75 28 29 29.75 30 30 29.25 28.5 26.5 25 23.5 21.5 20.25 18.75 17.25 15.5 14.75 14.5 14.5 14.5 14.25 13.5 13.5 13.25 12.5 12 11.25 11 10.5 10 9 8.5 8 8 8 8 8 8 8 8 8 8.25 9 9.75 10.75 10.75 9.75 9 9 9 9 10 10 10.5 11 11 12 12
50.5 50.5 49.75 48.75 51 49 45 40.75 39 42.25 49.25 53.75 55.25 52.75 50.25 48 46.25 44 40.25 38.75 38.25 39.75 40.75 38.75 37 37 38.25 38.5 39.25 40 40.5 40.75 40.25 39 33.75 30.25 26.5 25 27.75 30.5 32 34.75 39.25 40.5 41 41.75 42 42 41.25 40.25 39 36.75 35 33.5 32 30.75 29 27.25 24.75 21 19.75 23 27.25 30.5 30.5 30.5 30.25 30.25 29.5 28.5 26.5 24.5 23.5 21 21 19.75 17.25 14.75 14.25 13 12.75 13 12.75 12.5 12.5 12 11.5 11.5 11 10.25 10 9.5 9 8 8 8 8 8 8 8 8 8 8 8.5 9.75 10.5 11 10.25 9.25 9 9 9 9 10 10 10.5 11 11 12 12
48.75 49 48.5 47.5 48.5 47 45 41.5 39.75 41.5 47 49.5 50.25 48.5 47.5 46.5 45.25 43 40.25 38.5 36.5 38 38.25 37 35.25 34.5 35.25 36.25 37 38 39 39.5 38.75 37 34.75 32.25 29 24.75 24.75 26.75 30 33 36.75 39.25 40.5 40.75 41.25 41.5 41 40.5 39.5 37.5 36 34.75 33 32.25 30.5 28.25 25.25 21 20 22 25.5 29.75 30.75 30.5 30.25 30 30.25 28 25.75 24 22 20.5 20.25 18.25 15.5 14.75 12 11.25 11.5 11.5 11.5 11.25 11 11 11 11 10.5 10 9.75 9 8.5 8 8 8 8 8 8 8 8 8 8.25 9.25 10 10.5 10.25 9.75 9 9 9 9 9.25 10 10 10.75 11 11.5 12 12
47.25 47.5 47 46 45.5 45.5 43.75 41 39.75 40.25 44.5 47 47.25 46.5 45.5 44.5 42.5 40.5 39 37 35.25 36 36.25 35.5 34.25 33 32.25 34 35 36.5 36.75 36.5 36.5 35.25 35 33.75 30.75 26 23.25 24 27.75 31.5 34 36.5 38 39 40.5 40.5 40.5 40.25 39 37 35.75 34.75 33.5 32.5 31.5 29.5 25.75 21 19.5 21 24 26.25 28.25 29.5 29.5 29.5 28 26 24.25 22.75 20.5 19.5 18.5 16 14.75 13 10.75 9.5 9.75 10 9.5 10 9.5 9.5 10 10.5 10 9.5 9 8 8 8 8 8 8 8 8 8 8 8 8.5 9.5 10 10 9.75 9 9 9 9 9 10 10 10 11 11 11.75 12 12
46.25 46.5 45.5 44 41.25 41.75 41 40 38.5 39 41.25 42.75 43 42.75 41.5 40 38.5 38.5 37 35 32.75 33.5 34.5 34 32.5 30.75 30 31 33 34.5 34.5 34 33.75 34.75 35 34 31.5 28.5 24.5 23 24.25 28.25 31.5 33 34.25 35.75 37.25 38 38 38 36.75 35.75 34.75 34.25 33.25 32 31 29.25 24.75 21 19 20.25 22 24 26 26.75 27 26.75 25.5 24 22.5 21 20 18 16 14.75 13.5 12.25 10.75 10 9 9 9.5 9.5 8.75 9 9 10 10 9.5 9 8 8 8 8 8 8 8 8 8 8 8 8.25 9 9.25 9.5 9.25 9 9 8.25 8.5 9 10 10 10.5 11 11.25 12 12 12
45.5 45.5 45 42.75 39.75 39 39.5 38.75 36.25 36 37.5 38 37.75 38 37.5 37.5 36.5 36.5 34.75 32 29.5 31 32.5 32 31.25 30 29.25 30.25 31.5 32.5 32 31.5 31.5 31.75 32.25 31 30.25 29.75 26 23 22.5 22.5 26 29.75 32 33.5 33.5 34.25 34.5 35 34.25 33 32.75 32.5 31.5 30.5 29 27 24 21 19.25 19.25 20.5 22.25 23.75 24.5 24 23.5 23 21.5 20 19.25 17.25 16 14.75 13.75 12.5 11.25 10 9.25 9.5 10 10 10 8.75 8 8.75 10 9.75 9.5 9 8.25 8 8 8 8 8 8 8 8 8 8 8 9 9 9 8.75 8 8.25 8 8 8.75 10 10 10.75 11 11.5 12 12 12
44.25 44 43 41 39.75 38.75 37.75 36 34.75 34 34.75 35.5 35.5 35.5 35.25 35 34 33 30.75 28.75 28.5 28.75 30.5 29.75 29.5 28 28 28.75 29.5 30.5 29.5 29.5 29.5 29.5 29.25 29.5 30 29.75 27 23.75 20.5 20 22 25.5 29 31.5 31.5 31.25 31.5 31 30 29.5 30.25 30.25 28.5 27.75 26.75 25.25 23 20.75 19.25 18 20 21.25 21.5 21.5 20.75 20.5 20.5 19 17.75 16.5 15.75 14.75 13.75 12.75 11.5 10.25 9.25 9 9.75 10 10 9.5 9 9 9 9.5 8.75 8.5 8.5 8 8 8 8 8 8 8 8 8 8 8 8 8.5 8.5 8.25 8 8 8 8 8 9 10 10.75 11 11 12 12 12 12
42.5 42.5 41.25 40.25 39.25 37.75 36.75 34.75 33.25 31.75 30 31 31.5 31.25 30.5 30.25 29 27.5 25 26 26.25 25.75 27.5 27.5 26.5 25.75 26.5 27.25 27.5 27.25 27.5 27.5 27.5 27.5 27.5 28.25 28.75 28 26 24.5 21.5 19.5 20 20.75 23.25 27.75 29.5 28.5 28 27.5 26.75 26.25 26 25.75 24.75 24 23 22.5 20.75 20 18.5 17 17.5 19.5 19.5 19.25 18.25 18 17.5 16.5 15.75 15.25 14.75 13.75 12.75 11.25 10.5 10 9 9.25 9.25 10 9.75 9 9 9 8.75 8 8 8 8 8 8 8 8 8 8 8 8 8 8 8 8 8 8 8 8 8 8 7.5 7.5 10 10 11 11 11.5 12 12 12 12
40.5 40.5 40 39 38.25 37 35.75 34 32 30.25 29 28.5 27.75 27.5 27.5 27.25 25.75 23.75 19.5 23.25 25 24 25 25.75 24.5 24 25 26 25.75 24.75 25.5 26.25 26.5 26.5 26 26.5 27.25 27.25 26.25 24.5 22 20 19 20 21.75 24 26 25.5 25.25 24.25 23.75 23 22 21.75 21 20.25 20 20 19.5 19 17.25 16 16 16.75 17.5 16.5 16 15.25 14.75 14.5 14.5 14 13 12.25 10.75 9.5 9.25 9 9.75 10 9.5 8.75 9 9 9 9 8.25 8 8 8 8 8 8 8 8 8 8 8 8 8 8 8 8 8 8 8 8 8 8 7.5 7.5 9.75 10.25 11 11 11.5 12 12 12 12
38.5 38.5 38.5 37.5 37 36 35 33.5 31.5 29.5 28.5 27 25.75 25.5 25.25 23.5 22.25 20.25 19.75 20.75 22.75 22.5 23.25 24.25 23.5 23.25 23.75 24.75 25.25 24.5 24 24.75 25.25 25.25 24.5 25 25.5 26 25.5 24.5 21.5 19.75 19 19.25 20.75 22.25 23.5 23.5 22.25 21 20.5 20 19.5 19.5 19 18.5 18.5 18.75 18.5 17.5 17 16 15 15.25 15.5 15 14.75 14 13.75 13.25 13 11.5 10.75 10 9 9.25 9.75 10 10 10 10 9.25 9 9 8 8 8 8 8 8 8 8 8 8 8 8 8 8 8 8 8 8 8 8 8 8 8 8 8 7 7.25 8.5 10 10.75 11 11 12 12 12 12
35.75 36 36 35.5 35.5 34.75 33.75 32.5 31.5 29.75 28.25 25.5 24 23.5 20.75 19.5 19 19.5 19 20 20.5 21.25 22.25 23 22.5 22 22.5 23.5 24 22.75 22.5 23 24 23.75 23.5 24 24.25 24.5 25 24.25 22.25 20.5 19.25 18.25 19.25 21 22 21.5 20 19.25 19 18.75 18.5 18.5 18 17.5 17.75 18 17.5 17 16.5 15.5 14.75 14.5 14.5 14.25 14 13.25 13 12.5 11.5 10 9.5 9.25 9.5 10.25 10.25 10 10 10 10 10 9.5 8.5 8 8 8 8 8 8 8 8 8 8 8 8 8 8 8 8 8 8 8 8 8 8 8 8 7.5 7 8 9.75 10 10.75 11 11.25 12 12 12 12
32 32 32 32.75 33.25 33.5 32.25 31.75 30.75 30 28.75 26 24.25 23.25 21.25 20 20 20 19.75 20 19.75 20 20.75 21.75 21.5 20.5 21 22 22.75 21.5 20.25 21.5 22.5 22.5 22.5 23 23.25 23.5 24.25 23 21.25 20.25 19.5 17.25 17.25 20 20.5 19.5 18.5 18.25 18 18 18 17.75 17.25 17 17 17 17 16.5 16 15 14.75 14 14 14 13.25 13 12.75 12 11.5 10.25 10 10 10.5 10.75 11 11 10 10 10 10 9.25 8.25 8 8 8 7.5 7.75 8 8 8 8 8 8 8 8 8 8 8 8 8 8 8 8 8 8 8 7.5 7 8.25 9.75 10 10.5 11 11 11.75 12 12 12
29.25 29.5 29 29.25 30 31.5 31.25 31 30.25 30 28.5 27 25.25 24 22.5 21.5 20.5 20.5 20 20 19.75 19.5 20.25 21 20.75 20 20 21 21.75 21 20 20.25 21.5 21.5 21.75 22 22 22.25 23 22.25 21 20 18.75 16.5 17 17.5 18 17.5 17.25 17.25 17.5 17.5 17.25 17 17 16.5 16 16 16 16 15.25 15 15 14 14 14 13 13 13 12 11.75 10.75 10.5 10.75 11 11.5 11.25 11 10.5 10 10 9.5 8.75 8 8 8 8 7 7 7.25 7.5 7.5 8 8 8 8 8 8 8 8 8 8 8 8 8 8 8 8 7.5 7 8 8.75 10 10 11 11 11.5 12 12 12
29 29 29 29 29 29.5 29.75 29.75 29 28.5 28 27 26.5 25 23.25 22.25 21.75 21.25 20.75 20 20 19.25 19.25 20.5 20.5 20.25 20 20 21 21 20 20 20.5 20.5 20.75 21.25 21.25 20.75 22 21.5 21 20 18.75 16.5 16.5 16.5 15.5 15.5 16 16.75 17 17 17 17 16.5 15.75 15 15 15.5 15.5 15 15 15 14.25 14 14 13 13 13 12.5 12 11 11.25 11.5 12 12 12 11 10.5 10 9.5 9.25 8.25 8 7 7 7 7 7 7 7 7 7 7 7.75 8 8 8 8 8 8 8 8 8 8 8 8 8 7 7 7 7.25 9.25 10 11 11 11.25 12 12 12
29 29 28.5 28.5 28.5 28.5 28.5 28 28 27.75 27.25 27 26.5 25.5 24.5 23.25 22.25 22 21 20.75 20.25 20 19.25 19.25 19 20 19.5 18.75 20.5 20.5 20 19.5 19.5 19.25 19.75 20.25 20.25 19.75 21.25 20.75 20.5 20 18 16.5 16.5 15.5 14.75 14.75 15.25 16 16.25 16.5 16.5 16.25 16 15 14.75 14.75 15 15 15 15 15 14.5 13.75 13 13 13 12.75 12 12 12 12 12 12 12 12 11.25 10.5 9.75 9 8.5 8 8 7 7 7 7 7 7 7 7 7 7 7.5 8 8 8 8 8 8 8 8 8 8 8 8 7.5 7 7 7 7 8.5 10 10.5 11 11 11.5 12 12
29.25 28 27.75 27 27 27 27 27.5 27.25 27 27 26.75 26 25.5 25 24 23 22.25 21.5 21 21 20.75 20.5 20.25 20 20 18.75 18.5 18.5 18.5 17.75 17.5 18.25 18.5 18.75 19.25 19.25 20 20.25 20 19.5 18.25 17.25 18 17.5 16.5 15.25 14.75 15 15.5 16 16 16 16 16 15 15 14.5 14.25 14.5 15 15 15 14.25 13.5 13 13 12.75 12.25 12 12 12 12 12 12 12 12 11.75 10.75 10 9 8.5 8 7.5 7 7 7 7 7 7 7 7 7 7 7.25 8 8 8 8 8 8 8 8 8 8 8 7.5 7 7 7 7 6.5 7.25 10 10.5 11 11 11.5 12 12
29 28 28 27 27 27 27 27 27 27 27 26 25.75 25 24.5 24 23.25 22.5 22 21.5 21 21 21 21 21 21 20.75 20.5 20 18.75 17.25 17 17 17.5 18.5 18 17.5 19.25 19 18.5 17.25 17.25 18 19 18.25 18 17 15 15 15 15.25 16 16 16 15.75 15 15 14.5 14 14 14.25 14.5 14.25 13.25 13 12.75 12.5 12 12 12 12 12 12 12 12 12 12 12 11 10.25 9.25 9 8.25 8 7 7 7 7 7 7 7 7 7 7 7 8 8 8 8 8 8 8 8 8 8 8 7 7 7 7 7 6 8 10 10.5 11 11 11.5 12 12
28.25 28 27.5 27 27 27 27 27 26.5 26 26.25 26 25 25 24.25 24 23.5 22.75 22 22 21.75 22 21.75 21.25 21 21 21 20.5 20 19.5 18.25 17.25 16.5 16.5 17.25 16.75 16.25 17 17.5 17 16.75 18 19.25 20 19.75 18.25 18 16.25 14.25 15 15 15.25 15.75 15.75 15 15 14.5 14 13.5 13.5 13.75 14 13.25 13 12.25 11.5 10.5 10.75 11 11.75 12 12 12 12 12 12 12 11.5 10.75 10.25 10 9.5 9 8 7 7 7 7 7 7 7 7 7 7 7 8 8 8 8 8 8 8 8 8 8 7.5 7 7 7 7 7 7 7.75 10 10.25 10.75 11 11 12 12
29.25 29 28.25 27.75 27.25 27 27 27 26.5 26 26 25.5 25 25 24 24 24 23 22.5 22 22 22 22 22 21.5 21 21 20.5 20 20 19 18 17.25 17 17 17 16.75 16 16.25 17 17.75 18.5 19.75 20 20 19 18.75 17.5 14.25 14.5 15 15 15 15 15 14.75 14 13.75 13 12.75 13 13 13 12.25 11.25 10.25 10 10 10.25 11 11.5 12 11.75 11.25 11 11 11 10.5 10.25 10 10 10 9.75 8.5 7 7 7 7 7 7 7 7 7 7 7 8 8 8 8 8 8 8 8 8 8 7.5 7 7 7 7 7 7 7.5 9.25 10 10.5 11 11 12 12
29.75 30 29.75 28.75 28.25 28 27.5 27 26.75 26.5 26.25 26 25.5 25 24.5 24 24 23 23 22 22 22 22 21.75 21 20.5 20 20 20 20 19.25 18.5 17.5 17 17 17 16.5 16 16.5 17 18 18.5 19.75 20 20 19 19 18 14.75 13.75 14.25 14.5 15 15 15 14 13.25 13 13 12.5 12.25 12.5 11.75 11 10.75 10 10 10 10 10.25 10.75 11 11 11 10.25 10 10 9.5 10 10 10.25 10 10 8.5 7 7 7 7 7 7 7 7 7 7 7 8 8 8 8 8 8 8 8 8 8 7.5 7 7 7 7 7 7 7.5 8.75 9.25 9.75 10.75 11 12 12
31.5 31.5 31.5 30.75 29.75 29 28.25 27.75 27 27 27 26 26 25.25 25 25 24.5 23.75 23 22 22 22 21.75 21 20.25 20 20 20 20 19.75 19.25 18.25 17.25 17 17 16.5 16 16 16.5 17.5 18 18.5 19.25 19.25 19 19 19 18 15.25 14 14 13.5 14.25 14.25 13.75 13 13 13 13 12 11.5 11 10.25 10 10 10 9.75 9.75 10 10 10.25 11 10.5 10 10 9 9 9 9.25 10 10 9.75 9 7.75 7 7 7 7 7 7 7 7 7 7 7 8 8 8 8 8 8 8 8 8 8 7.5 7 7 7 7 7 7 7.5 8.75 9.5 10 10.25 11 12 12
35.25 35 34.5 33.75 32.5 30.25 29.25 28.5 28 27.25 27 26.75 26 26 25 25 25 24 23 22 21.75 21 21 20 20 20 20 20 19.75 19.25 18 17.25 17 17 17 16.25 16 16 16 16.5 17.5 17.75 19 18.75 18.5 18.75 18.75 17.75 14.5 13.75 13.25 13 13 13 13 13 13 13 12 10.75 10 9.5 9 9.25 9.25 9 9 9 9.25 9.5 10 10.25 10 10 9.5 9 9 9 9 9.5 10 9 8 7.25 7 7 7 7 7 7 7 7 7 7 7 8 8 8 8 8 8 8 8 8 8 7.5 7 7 7 7 7 7 7.5 9.25 10 9.75 10 11 11.5 12
40.75 40.5 38.5 36.5 35 32.75 30.25 29.5 28.5 27.75 27 27 26.25 26 25.5 25 25 24 23 22 22 21.25 21 20 19.75 19.25 19 19 18.75 18 17.25 17 17 17 16.25 15.25 15 15 15.75 16 15.75 16.25 17.5 17.75 17.5 17.5 17.5 16 14.5 13.75 13 12.75 12.5 12.25 12 12 12 11.75 11 10 9.5 9 9 9 9 9 9 9 9 9 9 9.75 10 9.75 9 9 8 8 8.5 8.75 9.25 8.25 8 7 7 7 7 7 7 7 7 7 7 7 7 7.5 8 8 8 8 8 8 8 8 8 7.5 7 7 7 7 7 7 7.5 8.75 9.5 10 10.75 11 11.5 12
42.75 41.75 40 38.5 36.5 34.5 32 30.75 29.75 28.25 27.5 27 26.75 26.25 26 25.25 25 24 23 22 22 21.5 21 20 20 19.5 18.75 18.5 17.75 17 17 17 16.75 16.25 15.25 15 15 15 15 15 15 14.75 15 15.75 15.5 15.5 15.5 15.25 14.25 13.5 13 12 12 12 12 12 12 11 10.25 10 9.75 9.5 9.5 9.5 9.5 9.5 9 9 9 9 9 8.5 8.5 8.5 8.25 8 8 8 8 8 8.5 8 7.75 7 7 7 7 7 7 7 7 7 7 7 7 7.25 8 8 8 8 8 8 8 8 8 7.5 7 7 7 7 7 7 7.5 8.75 9.75 10 11 11 11.5 12
43 42 40.25 38 36.25 34.75 32.75 31.5 30.5 29 28 27 27 26.75 26 25.5 24.75 24 23 22 21.75 21.25 20.5 20 19.75 19 18.5 18 17 17 16.25 16 16 15.5 15 15 15 15 15 15 15 14.25 14 14.25 14.5 14.25 14 14 13.75 13.5 13 12.5 12.25 12 12 12 12 12 11.25 10.5 10 10 10 10 10 10 10 9 9 9 8.75 8 8.25 8 8 8 7.75 7.75 8 8 8 7.75 7 7 7 7 7 7 7 7 7 7 7 7 7 7 8 8 8 8 8 8 8 8 8 7.5 7 7 7 7 7 7 7.5 8.5 9.75 10 10.75 11 11 12
39.75 39 37 35.25 34.5 33.25 31.75 30.25 29.25 28.25 28 27 27 27 26.25 25.75 24.75 24 23 22.25 22 21 20.5 20 19 19 18 18 17.25 17 16.75 16 16 15 15 15 14.75 14.25 14.75 15 14 13.75 13.75 14 14 14 14 14 14 14 13.5 13 13 13 12.75 12.5 12.75 13 12.5 11.5 11.25 11 11 11 11 10 10 9.75 9 9 8.5 8 8.5 8.5 8.25 8 7.5 7 7.25 7.5 7.5 7 7 7 7 7 7 7 7 7 7 7 7 7 7 7 7.5 8 8 8 8 8 8 8 8 7.25 7 7 7 7 7 7 7.5 8 9 9.5 10 10.75 11 11.25
38.5 36 34.5 34 33.75 33 31 29.5 29.25 28.25 28 27.75 27.25 27 26.5 26 25 24 23.5 22.5 22 21.5 21 20 19.5 19 18 18 17.5 17 16.25 16.25 16 15.25 15 15 14.5 14 14 14 13.75 13.5 14.25 14 14.25 14.5 14.5 14.5 14.75 14.5 14.25 14 14 14 13.5 13.25 13 13 13 12.5 12 12 12 12 11.25 11 10.25 10 10 9.75 9.25 8 8.25 8.75 9 8 7.5 7 7 7 7 7 7 7 7 7 7 7 7 7 7 7 7 7 7 7 7.25 8 8 8 8 8 8 8 7.75 7 7 7 7 7 7 7 7.5 8 8.5 9 10 10 11 11
38.5 38.25 36.5 36 35.5 34.5 33 31 30.25 29.5 28.75 28.25 27.5 27 26 26 25 24 23.5 22.5 22 21.5 21 20 19.5 18.25 18 18 17.75 17 17 16.75 16.75 15.5 15 15 14 14 14 14 13 12.75 13 14.25 15 15 15 15 15 15 15 15 15 15 14.75 14.25 13.75 13.5 13 13 13 12.75 12.75 12.5 12.25 11.5 11 10.5 10 10 9.75 8.5 8 8 7.75 7 7 7 7 7 7 7 7 7 7 7 7 7 7 7 7 7 7 7 7 7 7 8 8 8 8 8 8 8 7.25 7 7 7 7 7 7 7 7.25 8 8.5 9 10 10 11 11
39.25 40 40.25 39.5 37.75 35.5 34 32.75 31 29.75 29.5 29 27.75 27 26.25 26 25 24 23.75 22.5 22 21.5 21 20 19 18.25 18.75 18.25 18 17 17 16.75 16.25 15 15 14.75 14 14 14 14 14 13.25 14.25 15 15 15 15 15 15 15 15 15.25 15 15 15 15 15 14.5 14 14 13.75 13 13 13 13 12.25 11.5 11 10.5 10 10 9.25 8.25 7.75 7 7 7 7 7 7 7 7 7 7 7 7 7 7 7 7 7 7 7 7 7 7 7 7.5 8 8 8 8 8 8 7 7 7 7 7 7 7 7 7 8 8.25 9 9.75 10 10.75 11
40.75 40.5 41 40.5 39 36.5 35 34.25 33 31 30.25 29.5 28.5 27.5 26.75 26 25.25 24.25 24 22.5 22 21.5 21 20.25 19.5 18 19.5 20 18.5 17.25 17 16.5 15.25 15 14.75 14.25 14 14 14 14 14 14 14.75 15 15.5 16 16 16 15.5 15 15.5 16 16 16 16 15.5 15 15 14.5 14.5 14.25 13.75 13.25 13 13 12.5 11.5 10.25 9.75 10 9.5 9 8.25 8 7.25 7 7 7 7 7 7 7 7 7 7 7 7 7 7 7 7 7 7 7 7 7 7 7 8 8 8 8 8 8 7 7 7 7 7 7 7 7 7 8 8 8.5 9 9.75 10 11
43.5 42.25 41.5 39.75 38.75 37.25 35.5 35 35 33 31.25 29.75 28.75 28 27 26.5 26 25 24.5 23 22 21.5 21 20.75 20 19.25 18.25 18.5 18 17.75 17 16.5 15.25 15 14.25 14 14 14 14 14 14.25 14.75 15 15.75 16 16 16 16 16 15 15.5 16 16 16 16 16 15 15 15 15 15 14.5 13.5 13 13 12 11 10 9.5 9.25 9 9.5 8.75 8 8 7.25 7 7 7 7 7 7 7 7 7 7 7 7 7 7 7 7 7 7 7 7 7 7 8 8 8 8 8 8 7 7 7 7 7 7 7 7 7 8 8 8.5 9 9.5 10 11
45 44 41.5 40.25 39.25 37.25 35.5 35 35 33 31.5 30.25 29.25 28 27 26.5 25.75 25 25 23.5 22.5 22.25 22 21.5 21 20 19.75 17.75 18 17.5 17 16.25 15.5 15 14.75 14.25 14.25 14.5 15 15 15 15.5 16 16 16.5 16.5 17 16.75 16.5 16 16 16 16 16 16 16 15 15 15 15 15 14.25 13.75 13 12.5 12 11.25 10.75 10 10 10 10 10 8.75 8.25 8 7.5 7 7 7 7 7 7 7 7 7 7 7 7 7 7 7 7 7 7 7 7 7 8 8 8 8 8 8 7 7 7 7 7 7 7 7 7 8 8.25 9 9.75 10 11 11.25
45 43.25 41.25 40.25 39 36.5 34.75 34 32.75 31.5 30.75 30 29 27.5 26.25 25.25 24.75 24.5 24 22.5 22 22 22 21.25 21 20 20 18.5 17.75 17 16.75 16 15.5 15 15 15 15 15.25 15.5 15.75 16 16 16.5 17 17 17 17 17 17 16.5 16.25 16 16 16 16 15.75 15 15 15 15 15 14 13.5 13 12 12 11.25 11 10.25 10 10 10 10 9.75 9.25 8.25 8 7.5 7 7 7 7 7 7 7 7 6.5 7 7 7 7 7 7 7 7 7 7 7 8 8 8 8 8 8 7 7 7 7 7 7 7 7 7 8 9 9.5 10 10.75 11 11.5
43 41 39.5 38 36 34.25 32.5 30.5 30 29.75 28.5 28 27.25 26.25 24.5 23.5 23.5 23 22.25 21.5 21.25 21.5 21 20.5 20 20 19.75 18 17 17 16.25 16 15.5 15 15 15 15.75 16.25 16.5 16.5 17 17 17 17 17 17 17 17 17 17 16.25 16 16 16 16 15.25 15 15 15 14.5 14.25 14 13 13 12.75 12 11 10.25 10 10 9.25 9 9 9.5 8.75 8 8 8 8 7.5 7 7 7 7 7 7 6 6.75 7 7 7 7 7 7 7 7 7 7 8 8 8 8 8 8 7 7 7 7 7 7 7 7 7 8 9 9.5 10 11 11 11.5
40 38.5 37 35 32.75 31.75 29.75 28.5 27.5 27.25 25 24.75 25.5 24.5 23 21.75 21.5 21.5 20.75 20.5 20.5 20.5 20.5 20 20 19.5 18 17.25 17 16.75 16 16 16.25 16 15.5 16.25 17.25 17.5 17.25 17 17 17 17 17 17 17 17 17 17 16.75 16 16 16 16 15.25 15 15 15 15 14 14 14 13 13 13 11.75 10.5 10 9.75 9.25 8.75 8.5 8.5 8.5 8 8 8 8 8 8 7.25 7 7 7 7 6.5 6 6 6 6.75 7 7 7 7 7 7 7 7 8 8 8 8 8 8 7 7 7 7 7 7 7 7 7 7.75 8.75 9.25 10 10.75 11 11.5
36.75 35.5 33.5 31.5 29.25 28.5 26.5 25.75 25.5 25.25 23.75 22.25 23 22 21 20.5 20 20 19.75 19.5 19.5 19.25 18.5 18.5 17.75 17.5 17 17 16.5 16 16.25 16.75 17.25 17.75 17.5 18.5 19 19.5 19 18.5 17.5 17.25 17 17 17 17 17 17 16.75 16 16 15.5 15.25 15 15 15 15 15 14.25 14 14 13.75 13 13 12.5 11.25 10 9.5 9 8.5 8 8 8 8 8 8 8 8 8 8 7.5 7 7 7 7 6.5 6 6 5.75 6.25 7 7 7 7 7 7 7 7 7.5 8 8 8 8 8 7 7 7 7 7 7 7 7 7 7.5 8.5 9.25 10 10.5 11 11.25
33.5 32 30.5 29.25 27 25.25 22.5 22.75 23.5 23 21.25 20 20.25 19.75 19.75 19.5 19.25 19 18.5 18.5 17.5 17.25 17 17 17 17 17 16.75 16.5 16 16 17.75 19.25 19.75 19.75 20 20 20 20 19.5 18.5 17.5 17 17 17 17 17 16.5 16 16 16 15 15 15 15 15 14.5 14 14 14 13.25 13 12.75 12.5 11.75 10.75 10 9.75 9.25 8 8 7.5 7 7 7.5 7 7 7.25 7.5 7.5 7 7 7 7 7 6.5 6 6 5.75 5.5 6.5 7 7 7 7 7 7 7 7.25 8 8 8 8 8 7 7 7 7 7 7 7 7 7 7.5 8.5 9.75 10 11 11 11
31 29 27.5 26 23.75 22 19.5 19.75 20.75 20.5 20.25 20 20 19 19 19 18.75 18 18 17.25 17 17 17 17 17 17 17 17 17 16 16.75 20 20.75 20.75 20 20 20 19.5 19 18.25 17.75 17 17 16.5 16.5 16.25 16 16 16 16 15.5 15 15 15 15 15 14.5 14 14 13.5 13 13 12 11.75 10.5 10 10 10 9.5 8 8 7.5 7 7 7 7 7 7 7 7 7 7 7 7 7 6.5 5.75 5.5 6 5.75 6 7 7 7 7 7 7 7 7 8 8 8 8 8 7 7 7 7 7 7 7 7 6.75 7.5 9.25 10.25 11 11 11 11
27.75 26.5 25.5 24 21.25 20 20 20.5 19.5 19.25 19 19 19 19 18.75 19 18 17.5 17.5 17 16.5 17 17 17 17 17 17 17 16.75 16.25 18.75 20.5 20.25 20 20 20 19.75 18.75 18 17.5 17 16.75 16.25 16 16 16 16 16 16 15 15 15 15 15 15 15 14.5 14 13.75 13 13 13 12 11.5 10.5 10 9.75 9.25 9 8 7.5 7 7 7 7 7 7 7 7 7 7 7 7 7 7 6 5.5 5 5.5 6 6 7 7 7 7 7 7 7 7.25 8 8 8 8 8 7 7 7 7 7 7 7 7 6.5 7.5 9.5 10.5 11 11 11 11
26 25 24 23.25 22.25 22 22 22 22 21 20.5 20.25 20 19.75 19 19 18.5 18 17.75 17 16.5 17 17 17 17 17 17 16.5 16.25 18.25 19.75 20 20 20 20 19.25 18.75 17.75 17 17 17 16.25 15.5 15.5 15.5 15.5 15.5 15.5 15.25 15 15 15 15 15 15 14.75 14.25 13.75 13 13 13 12.5 11.75 10.75 10.25 10 10 9.75 9 8.25 7.75 7.25 7 7 7 7 7 7 7 7 7 7 7 7 6.5 5.5 4.75 4.25 5 5.25 6 6 6.25 7 7 7 7 7 7.5 8 8 8 8.5 8 7.5 7 7 7 7 7 7 7 6.25 7.5 9.5 10.5 11 11 11 11
25.5 25 24.75 23.75 22.75 22.25 22.25 23 23 22.5 22 21.25 20.75 20 19.5 19 18.5 18 17.75 17 16.5 17 17 17 17 17 16.25 16.25 17.5 19 20 20 19.75 19.5 19 18.75 17.75 17 16.75 16.25 16 15.75 15 15 15 15 15 15 15 15 15 14.75 14.5 14.5 14.25 14 13.5 13 13 13 12.5 11.75 10.75 10 10 10 10 10 9.25 8.5 8 8 7.25 7 7 7 7 7 7 7 7 7 7 7 6 5.25 4.5 3.75 4.5 5 5.5 6 6 6.75 7 7 7 7 7.75 8 8 8 8.5 8.5 7.5 7 7 7 7 7 7 7 6.25 6.75 9.25 10.25 10.75 10.5 11 11
