ncols        120
nrows        150
xllcorner    498000.000000000000
yllcorner 455000.000000000000
cellsize 100.000000000000
NODATA_value -9999
81 90 80 78 91 101 108 113 118 121 123 124 124 123 119 106 110 112 119 124 127 126 121 115 110 109 110 113 118 130 139 145 148 148 146 145 144 142 140 140 140 140 140 140 138 134 130 124 118 111 108 105 101 100 107 111 112 112 112 110 108 108 107 106 104 102 102 102 102 104 108 108 109 111 107 100 100 98 93 90 88 90 90 90 87 84 82 80 75 72 68 60 62 68 63 61 60 54 51 50 55 60 61 62 62 59 55 51 47 42 39 39 38 36 34 32 31 31 32 34
88 94 93 89 88 92 104 111 117 120 123 123 122 122 122 119 116 119 120 126 129 130 128 126 124 123 125 128 131 135 141 148 150 151 151 150 148 147 147 146 145 143 142 142 140 137 132 126 121 119 114 110 107 107 108 112 114 116 117 114 114 113 112 111 109 108 108 109 110 110 111 113 114 113 110 107 103 99 96 93 91 93 92 91 90 88 85 82 78 74 70 61 60 63 60 60 55 50 49 49 50 51 55 57 60 57 54 50 46 40 39 39 39 37 34 32 31 31 31 33
87 96 99 94 90 89 93 109 115 119 122 121 121 120 120 123 124 124 127 129 131 135 136 136 136 136 137 138 140 144 149 151 153 154 154 153 152 152 152 150 149 146 145 144 142 140 136 132 128 123 121 118 115 113 113 115 117 120 120 119 119 118 117 116 115 115 115 115 115 116 117 117 117 116 114 111 108 104 100 98 96 95 93 92 91 89 86 83 79 75 70 63 59 60 60 58 52 49 49 49 49 49 49 50 53 54 52 50 48 44 42 41 41 39 36 32 30 30 30 32
90 98 102 102 99 98 90 102 111 115 119 119 119 118 120 125 128 130 132 134 138 141 142 143 144 145 146 147 149 152 154 156 157 158 157 155 155 155 153 152 151 149 147 145 143 141 140 136 133 131 128 125 122 120 120 119 120 122 122 122 122 121 121 121 120 120 120 120 120 120 121 120 120 118 117 114 112 109 105 102 99 96 93 91 91 88 85 82 78 72 66 60 58 59 59 59 60 63 62 60 56 50 49 48 49 52 51 50 49 44 43 41 41 38 34 32 30 29 29 32
97 101 105 106 106 103 99 100 108 111 111 110 112 119 123 130 133 137 139 141 144 146 148 149 151 152 152 154 155 156 158 160 161 161 160 158 156 156 154 152 150 148 146 145 143 142 141 139 137 134 132 131 129 127 124 123 123 124 124 124 124 124 123 123 123 123 122 122 122 122 122 122 121 120 120 117 114 111 108 105 101 97 91 89 88 85 82 79 71 70 68 61 61 59 59 62 70 70 69 66 63 58 51 48 48 44 50 49 45 43 40 39 37 35 34 32 31 29 29 31
101 103 108 109 110 109 101 99 100 108 109 110 115 120 127 133 139 142 144 147 149 151 152 154 155 157 158 159 160 161 161 162 162 161 160 157 156 155 153 151 149 145 144 143 142 142 142 141 140 137 134 133 132 131 130 128 127 125 125 125 125 125 125 125 124 124 124 124 123 123 123 123 122 121 121 119 116 113 111 108 103 99 94 90 84 80 80 78 78 71 71 70 68 67 68 70 73 72 72 70 66 61 55 50 41 39 40 43 41 41 39 37 36 34 33 31 30 29 29 30
103 106 110 111 113 114 110 109 107 109 112 116 120 126 132 139 142 145 149 151 152 154 155 158 159 161 161 161 162 162 162 161 161 159 157 155 154 153 151 149 145 141 140 139 140 141 141 140 138 136 135 134 134 133 132 131 130 127 126 126 126 126 125 125 125 124 124 124 124 124 123 123 121 121 121 120 117 114 112 109 105 101 96 91 87 80 80 80 81 80 79 77 76 76 76 77 77 74 72 70 66 62 57 52 47 40 39 39 40 40 37 35 34 33 32 31 30 29 29 30
102 105 109 112 115 117 118 118 118 119 121 124 128 133 138 143 145 150 152 153 154 157 160 161 161 162 162 162 161 161 161 159 158 156 154 153 152 150 149 145 140 137 134 133 135 137 138 136 134 133 133 133 133 133 132 131 130 125 123 121 123 123 123 124 124 124 124 123 123 122 121 121 120 120 120 120 118 115 113 111 108 104 100 95 91 88 86 85 86 86 85 83 83 82 82 81 80 77 74 69 65 61 58 54 51 44 41 39 38 37 35 34 34 33 32 30 30 30 29 30
99 101 107 111 116 120 123 124 126 128 130 133 136 140 143 146 150 152 154 155 156 159 160 161 161 161 161 160 160 159 159 157 155 153 152 151 150 147 145 142 138 133 128 126 130 133 133 131 130 130 131 131 132 131 131 129 125 122 120 116 117 119 120 122 123 123 123 121 120 119 117 117 116 117 119 119 118 116 114 112 110 107 103 100 96 94 90 88 91 91 90 90 89 88 85 83 81 77 72 66 61 58 54 52 51 46 42 39 39 39 37 35 35 33 32 30 29 29 29 32
100 104 109 114 118 122 127 130 133 135 137 140 142 144 147 150 152 154 155 156 157 158 159 159 159 159 159 158 157 156 156 154 152 150 150 149 147 144 142 139 135 129 121 120 125 128 127 125 124 124 125 127 128 129 128 125 123 120 115 112 112 113 116 119 122 122 121 119 117 115 113 112 113 114 116 117 117 116 115 114 112 111 107 105 102 99 96 94 95 96 95 93 92 91 89 85 81 75 69 63 58 54 50 50 47 46 40 39 40 40 40 39 36 35 33 31 29 28 30 35
103 109 112 118 122 127 131 135 139 141 142 144 146 149 150 151 154 155 155 156 156 156 157 156 156 156 155 154 154 154 152 151 148 148 148 146 144 142 139 136 131 125 120 117 121 122 120 117 118 119 121 122 124 125 124 122 120 115 110 107 110 110 113 115 119 120 118 115 113 109 107 108 110 113 114 116 116 116 115 115 114 112 111 108 106 103 100 100 100 99 98 96 94 92 90 87 81 75 68 62 57 54 50 49 48 47 43 43 44 42 41 39 37 35 33 31 28 28 31 35
108 110 116 121 126 131 135 140 142 143 145 148 150 151 151 152 152 153 154 154 154 154 153 153 152 151 151 152 152 151 149 147 146 146 145 144 142 140 137 132 124 120 113 110 114 116 114 108 110 114 116 118 120 122 120 119 115 111 104 101 104 110 112 113 115 115 114 112 109 105 103 105 110 112 113 115 116 115 115 114 113 112 111 110 108 105 104 103 102 102 101 99 96 94 91 87 82 76 69 63 58 55 52 50 50 48 49 49 49 46 44 40 38 35 33 31 28 28 30 33
108 114 119 125 131 135 139 142 144 145 149 150 150 150 150 149 150 151 152 151 151 150 149 148 147 149 149 149 150 149 145 143 140 143 143 143 141 139 135 130 120 119 109 108 97 99 99 97 104 108 107 112 116 118 116 114 111 107 101 99 101 106 110 112 113 112 111 108 106 100 100 104 108 111 112 114 115 115 114 113 112 111 110 110 109 106 105 104 103 102 101 100 98 95 91 88 82 76 69 65 62 59 54 50 50 50 50 52 51 49 46 42 39 35 32 30 28 28 29 32
114 118 121 129 135 139 142 144 146 148 149 149 148 146 145 145 146 148 148 147 147 145 143 141 140 146 147 146 147 144 141 138 139 141 142 141 141 139 136 130 130 128 124 120 113 105 98 90 88 88 98 111 112 113 112 110 107 102 96 90 99 103 107 110 110 109 107 105 101 98 100 103 105 107 110 112 113 113 112 111 110 109 108 108 107 107 106 105 104 103 102 100 98 95 92 88 83 79 73 68 61 59 56 54 51 53 53 53 51 49 44 41 39 35 31 30 28 28 29 31
121 123 128 131 137 141 143 145 146 146 146 145 143 140 140 142 143 144 143 141 140 138 133 132 140 144 145 145 144 142 137 131 137 140 140 139 139 136 135 134 133 132 130 127 122 120 114 110 98 87 91 104 106 107 107 106 103 101 93 89 92 100 103 106 106 105 103 100 94 90 100 102 101 102 107 111 112 112 111 109 107 105 104 105 106 106 105 105 104 102 101 100 98 95 93 90 85 80 74 67 63 59 58 57 58 57 55 52 49 44 40 39 37 34 29 28 28 28 29 32
128 131 133 137 140 142 144 144 144 144 142 138 128 132 140 141 141 140 138 135 133 130 129 130 142 143 144 143 142 138 130 130 132 136 136 135 134 133 134 135 135 134 132 130 126 122 117 109 102 88 81 88 98 100 101 101 99 99 94 89 82 95 102 102 102 102 99 95 89 90 95 99 99 100 106 110 111 110 108 105 103 100 99 101 104 105 105 104 103 101 99 99 97 95 93 90 86 80 77 72 68 62 59 59 61 60 56 52 46 40 39 37 35 32 29 28 27 27 29 33
134 136 139 141 142 144 143 143 141 139 134 107 115 133 139 139 139 136 133 131 124 119 130 140 143 143 142 140 138 132 116 125 132 133 132 130 129 130 133 135 135 135 133 131 127 121 115 109 102 94 83 77 80 91 93 94 94 95 92 90 79 91 97 99 98 97 95 91 85 89 91 91 98 101 105 108 108 106 104 102 100 97 98 99 102 104 105 103 102 100 99 97 95 94 93 91 88 84 81 76 71 68 63 60 62 61 57 51 44 38 37 35 33 32 30 28 27 28 30 33
140 142 143 144 144 143 142 138 134 128 116 100 124 133 136 136 134 131 128 121 108 118 135 140 141 140 140 137 133 125 106 125 130 129 126 121 125 130 133 135 137 136 134 131 126 120 111 104 98 93 87 83 78 77 78 82 84 90 90 86 78 87 93 94 92 93 93 87 80 80 86 90 97 102 105 105 104 103 101 99 97 93 96 98 101 103 103 102 101 100 98 96 94 93 92 92 90 86 83 80 74 71 67 64 63 60 55 49 41 38 36 34 33 31 30 28 27 27 29 33
144 146 146 145 144 142 136 122 104 107 99 94 117 130 133 132 131 127 122 111 98 129 134 137 139 138 137 132 128 116 97 121 125 123 120 114 121 130 132 135 136 136 134 131 125 119 115 109 100 99 95 91 83 78 78 71 69 74 81 84 68 80 88 87 85 87 87 84 79 78 83 93 98 100 102 102 102 100 98 96 93 90 90 96 99 101 101 100 100 98 95 93 90 92 92 91 90 87 84 81 77 72 69 65 62 58 53 47 40 37 36 34 32 31 29 27 27 27 28 32
147 149 148 145 143 138 120 107 111 120 116 97 98 119 127 128 126 121 118 97 99 128 134 135 137 136 134 129 120 106 90 115 117 116 107 103 120 128 131 134 135 135 134 131 129 124 121 116 111 107 103 98 92 87 81 78 72 69 69 66 68 68 76 78 78 81 83 80 70 75 86 92 95 98 99 99 99 97 95 93 91 89 90 93 96 98 99 98 97 94 92 91 90 90 91 90 90 87 83 81 76 72 67 63 59 56 52 47 40 37 35 33 30 30 28 27 27 27 28 34
149 150 149 145 143 138 117 120 128 124 113 101 95 98 115 121 119 110 109 90 105 125 131 133 134 133 131 127 121 102 89 104 107 92 88 98 117 125 128 133 134 135 135 133 131 129 125 121 118 114 109 105 101 97 92 89 87 85 80 73 67 66 65 67 63 71 78 75 69 77 85 90 92 94 95 95 95 94 92 91 88 86 91 92 94 95 96 95 94 91 89 88 88 89 90 89 87 84 81 78 74 70 65 61 57 53 51 46 40 36 33 31 30 28 27 26 27 28 30 40
150 151 149 145 142 131 128 132 129 120 109 110 98 87 87 104 111 106 93 87 112 122 127 130 131 131 129 125 121 113 86 84 88 85 94 110 120 125 130 133 135 136 137 135 134 132 129 125 122 120 117 114 110 107 104 102 101 98 95 91 86 81 71 65 59 59 70 71 67 76 82 87 89 90 91 91 91 90 88 86 80 80 86 90 91 91 92 92 90 88 86 84 85 86 88 86 84 81 79 76 71 66 61 58 53 50 50 46 40 36 31 30 29 27 26 26 27 29 35 41
152 151 149 146 140 129 131 135 130 126 125 123 119 109 90 88 84 98 84 93 112 118 123 127 128 127 125 122 118 113 104 79 77 86 108 116 122 128 131 133 135 136 137 135 135 134 132 129 125 123 122 121 119 115 113 111 109 107 104 100 96 92 86 78 67 58 58 63 60 72 79 81 84 85 86 86 87 86 84 82 79 80 83 86 87 88 88 88 86 84 82 80 81 84 86 84 83 80 77 72 67 62 58 53 49 48 46 44 40 36 31 28 28 26 26 26 29 30 32 35
152 151 149 143 140 139 140 139 136 134 133 130 126 122 114 101 87 85 78 83 104 114 120 123 124 123 122 119 114 110 102 78 78 100 112 118 124 127 131 133 135 135 134 134 134 133 131 131 129 125 124 124 123 121 120 118 115 113 110 106 102 97 92 85 74 61 57 57 55 59 69 75 79 78 80 81 82 81 80 76 74 77 81 82 83 83 84 83 81 79 77 75 80 82 84 83 81 77 73 68 64 59 53 49 45 44 43 42 40 36 32 29 28 27 26 26 30 30 30 29
150 149 145 140 140 140 143 141 140 139 136 133 131 127 123 116 112 101 82 78 94 111 116 119 119 118 116 114 110 105 95 77 86 108 114 119 120 125 130 132 134 134 133 132 131 131 129 129 130 128 126 126 125 124 123 122 119 116 113 110 105 100 95 90 83 76 71 65 58 55 54 68 73 72 72 76 79 77 75 72 70 72 76 78 79 79 79 78 76 74 70 70 76 81 82 80 79 74 70 65 59 53 49 45 40 40 41 40 37 34 31 31 29 27 26 26 27 28 28 27
150 147 145 140 140 143 145 144 142 141 138 134 131 126 122 117 112 106 98 77 82 105 110 111 111 111 110 108 104 100 88 74 98 110 113 115 119 125 130 131 133 132 131 130 128 126 125 125 126 127 127 126 126 125 124 123 121 118 114 110 106 101 97 92 88 84 81 76 71 64 53 53 64 65 65 71 74 73 71 70 69 71 73 74 75 75 74 73 71 70 69 70 74 79 80 79 76 72 68 62 55 49 45 41 40 39 39 36 34 30 30 30 29 27 26 25 25 25 26 25
151 150 147 143 144 146 147 145 143 140 136 131 127 122 118 112 107 101 94 77 76 99 102 104 104 104 103 101 98 93 76 76 102 108 110 109 118 125 128 130 131 130 125 123 122 120 120 123 123 124 125 126 126 125 124 122 120 117 113 109 103 99 94 91 88 85 83 81 77 72 61 51 51 54 59 70 72 69 68 66 64 64 69 70 71 71 71 68 66 64 67 70 74 77 78 77 74 70 64 58 52 47 42 39 38 38 37 35 34 32 30 30 29 28 27 25 25 25 25 25
153 151 149 149 149 150 148 145 142 137 132 128 122 117 110 107 101 95 90 80 76 90 94 96 96 95 95 94 91 82 68 82 99 99 100 109 118 125 126 127 124 123 122 119 115 113 116 120 121 122 123 124 125 124 122 121 118 114 110 105 99 94 90 87 84 83 81 78 76 72 69 62 53 49 50 65 68 65 63 63 60 60 63 64 66 67 66 63 61 60 62 70 73 76 76 75 72 68 63 56 50 46 40 38 39 38 37 35 35 34 33 32 30 29 27 26 25 25 25 25
154 153 151 151 151 150 147 143 139 133 127 121 116 110 104 99 93 88 80 78 76 78 83 86 86 86 86 88 84 72 67 86 91 88 98 111 118 122 124 123 122 120 117 112 108 109 112 115 118 119 120 122 122 122 120 119 115 112 108 101 94 89 85 81 80 79 77 73 71 67 64 61 58 52 49 60 64 61 59 61 59 58 59 60 62 63 62 59 59 59 63 70 73 75 75 73 71 68 62 57 50 47 43 40 39 40 40 38 37 38 37 35 30 29 28 27 26 26 25 25
155 154 153 152 151 150 146 140 134 128 121 113 107 101 96 91 87 80 79 76 75 75 72 70 70 72 73 77 76 70 68 72 76 80 102 112 116 120 120 120 118 115 110 102 99 104 109 112 112 114 117 119 120 119 118 116 112 109 104 97 90 83 79 78 76 74 71 69 65 60 59 57 53 50 47 51 59 57 57 59 56 53 54 56 58 59 57 57 58 60 65 70 72 73 73 72 70 66 63 59 53 49 44 40 39 42 41 39 40 41 39 36 34 30 30 28 27 27 27 27
155 156 154 153 152 149 142 136 129 120 109 107 99 92 89 88 86 79 79 77 76 76 70 70 68 68 68 67 68 67 66 65 75 95 106 112 114 116 116 115 112 108 102 96 100 101 102 104 107 110 114 116 117 117 116 113 111 107 101 94 87 79 79 74 70 70 69 68 60 60 57 53 50 48 47 48 52 53 54 56 53 48 49 52 54 54 52 50 59 61 65 69 70 71 70 70 67 64 62 60 54 49 47 42 44 45 45 43 42 41 40 38 35 32 30 29 29 29 30 30
155 159 156 154 152 148 139 133 129 120 115 110 108 98 90 89 89 87 86 85 84 82 82 84 84 82 79 73 70 67 64 65 84 101 106 110 111 112 112 110 106 102 95 90 90 94 92 99 104 109 112 114 115 115 113 111 108 105 98 92 88 81 80 75 69 69 69 69 69 65 60 58 55 51 47 45 46 48 51 54 51 49 48 51 52 50 49 49 57 62 64 66 68 69 68 66 64 61 61 59 54 52 50 48 49 49 49 46 43 42 41 38 34 32 29 30 31 33 35 36
156 160 159 155 152 149 142 140 135 131 124 119 109 100 102 101 98 97 96 96 95 94 95 96 95 93 91 87 81 69 63 64 86 100 104 106 108 108 107 104 100 95 85 79 91 86 89 101 108 112 112 113 113 113 112 110 107 103 99 96 90 90 83 78 75 75 76 76 75 72 68 64 61 56 52 47 45 45 47 51 51 48 46 48 48 47 48 51 58 62 62 63 65 66 65 62 61 59 59 55 55 54 52 52 51 51 50 49 46 43 39 35 34 33 33 34 35 36 38 40
156 161 160 157 155 151 150 144 140 133 126 118 116 114 113 111 109 108 109 107 107 106 106 106 104 100 97 93 85 69 59 68 92 97 100 101 103 103 102 99 95 89 77 79 79 78 99 104 109 111 111 111 111 111 110 108 105 104 101 100 97 91 86 84 84 84 85 84 83 80 76 72 68 63 59 54 49 43 43 47 50 45 43 44 44 44 46 51 55 60 60 59 62 63 62 60 59 55 55 55 54 56 54 53 52 52 50 48 44 41 38 35 34 35 37 38 39 41 42 44
157 161 162 160 158 155 153 148 142 136 130 129 128 126 125 123 122 121 121 119 117 116 115 113 111 106 102 96 87 70 58 68 90 93 95 96 97 98 98 95 89 83 69 68 69 83 103 105 107 109 109 108 108 107 107 105 104 103 102 101 100 97 92 92 92 92 91 91 90 88 85 82 77 74 68 61 55 48 43 41 44 41 40 40 40 39 42 48 52 55 56 58 60 61 59 58 56 55 56 57 56 55 54 53 52 51 49 45 41 39 38 38 39 39 39 41 45 48 49 49
157 160 162 162 160 159 157 152 148 143 142 140 138 136 134 132 131 130 130 127 125 123 121 118 114 110 105 98 90 74 59 57 80 88 89 90 91 94 94 92 85 75 68 68 77 98 102 103 104 105 105 104 104 103 104 104 103 103 103 102 102 101 99 98 98 98 98 98 97 95 93 90 88 83 78 71 63 53 47 42 41 39 39 39 39 38 38 42 50 51 50 55 59 59 56 53 50 50 52 55 54 53 50 49 49 49 45 40 39 38 38 39 40 42 40 45 50 53 55 57
155 160 162 163 162 161 159 157 154 151 149 147 145 143 141 140 139 137 136 132 130 127 124 120 115 111 105 99 91 80 65 57 60 79 79 81 85 90 90 88 81 67 65 77 93 96 98 100 101 102 102 101 100 100 100 102 102 102 103 103 103 102 102 101 101 101 101 101 101 101 99 97 95 92 87 81 76 67 59 55 52 51 52 50 45 40 38 38 45 48 49 52 55 56 53 50 49 49 51 54 52 51 48 47 47 47 44 39 40 40 40 41 44 46 46 48 50 57 60 61
152 157 160 162 162 163 161 159 158 155 153 152 150 149 146 145 144 142 140 135 132 127 122 117 112 107 102 97 91 84 76 61 57 57 63 67 78 86 87 84 77 59 67 84 89 91 93 94 96 97 97 95 96 99 100 101 102 102 102 103 103 103 103 103 103 103 103 103 102 102 102 101 100 97 94 90 86 81 78 75 71 69 67 62 58 48 39 37 40 43 47 51 53 53 50 48 48 50 52 54 50 47 47 47 47 47 47 47 47 48 48 49 49 51 53 52 51 60 62 64
149 154 158 160 161 162 162 161 160 158 156 154 152 151 149 147 145 142 138 133 129 123 116 111 106 100 96 92 88 84 79 71 59 55 55 53 62 80 81 80 74 57 69 80 83 84 85 87 88 89 90 89 91 98 101 101 101 101 101 102 102 102 102 103 103 103 103 103 103 103 103 103 102 101 99 96 93 90 87 84 81 77 74 70 65 56 43 37 34 36 42 49 52 51 48 47 48 50 52 53 49 47 48 49 48 48 48 49 49 51 53 55 57 59 61 60 59 60 64 66
144 150 154 157 158 159 159 158 156 155 155 153 152 151 150 148 144 141 136 130 124 115 108 102 96 89 84 82 78 69 67 65 59 60 62 53 53 67 73 74 70 57 61 73 74 74 76 77 80 82 79 89 92 94 98 99 100 100 100 100 100 101 101 102 102 102 102 102 102 102 102 103 103 102 101 99 96 94 92 89 86 82 78 74 69 62 53 41 35 36 40 46 49 48 47 47 48 50 51 50 47 50 51 51 52 50 51 54 57 60 62 65 66 68 68 68 66 65 68 68
141 145 147 150 153 154 154 154 153 153 152 151 150 150 148 145 142 139 134 127 117 106 96 86 70 68 68 67 65 63 66 72 79 80 69 58 53 51 53 55 57 50 54 60 61 63 66 68 71 72 71 85 90 90 92 94 96 97 95 95 96 97 98 100 100 99 99 99 101 101 101 101 101 101 100 100 98 96 93 90 87 84 80 76 70 63 56 46 37 35 39 42 45 45 44 45 46 50 50 47 47 51 53 55 57 57 58 62 66 69 73 75 75 76 76 74 73 71 71 70
140 142 143 147 149 151 151 151 151 150 148 148 148 146 144 141 139 134 130 122 114 102 85 74 70 76 76 77 81 84 88 88 85 76 63 59 59 54 52 51 49 49 48 48 48 48 50 58 66 63 70 80 82 83 84 88 90 89 88 89 91 92 93 94 94 94 94 94 96 98 98 99 99 99 98 98 96 94 92 89 86 83 79 74 69 63 55 46 38 34 36 40 42 42 41 42 42 44 46 47 48 50 54 59 60 61 64 69 73 77 79 81 81 82 82 81 80 77 75 75
135 139 139 143 145 147 148 148 147 145 144 144 144 143 141 139 134 129 123 115 105 93 76 77 91 96 96 96 95 95 94 91 84 69 68 72 76 77 75 71 66 63 55 52 49 48 47 49 62 58 62 73 71 70 75 80 81 78 79 83 84 85 87 88 87 87 86 87 89 92 93 94 94 95 95 94 94 93 90 87 83 81 76 71 66 60 54 47 41 34 34 39 39 41 40 40 40 40 42 44 47 51 53 58 60 64 69 73 77 81 83 84 84 86 85 85 83 81 79 76
126 132 140 141 141 142 144 143 142 139 139 141 141 141 139 134 128 121 111 101 94 80 76 90 104 106 105 103 101 100 95 86 77 69 75 83 86 89 88 88 87 81 77 72 63 54 48 47 49 53 59 62 57 57 64 70 73 69 71 77 77 78 78 79 79 78 77 80 83 86 86 87 88 89 90 90 89 88 85 82 80 76 70 66 61 56 51 46 40 34 33 35 37 39 39 39 39 39 40 42 45 46 49 57 62 66 71 76 79 82 83 84 86 88 88 86 84 82 80 76
113 132 137 137 137 137 139 139 137 132 133 137 138 138 136 130 125 110 99 90 87 79 86 106 111 112 111 109 104 100 90 79 79 83 89 93 95 96 96 94 91 88 80 72 63 56 50 46 47 47 48 48 48 49 50 56 62 58 71 71 69 70 70 71 71 69 70 74 76 78 79 79 80 81 82 82 81 80 78 76 73 68 64 61 56 51 47 43 40 33 32 34 36 37 37 38 39 40 40 43 46 47 50 58 65 69 74 78 80 82 83 85 85 86 86 85 83 81 78 74
129 131 133 132 131 131 133 133 128 125 130 135 136 137 136 132 126 117 113 105 92 88 107 113 116 115 111 109 105 97 90 91 94 96 98 101 101 101 100 97 94 89 80 69 60 55 49 46 46 45 44 44 43 44 43 44 47 53 63 64 60 60 62 63 61 61 64 67 68 69 69 70 71 70 72 72 73 71 69 68 65 61 57 54 50 47 44 40 36 32 32 33 34 36 37 38 40 41 42 44 47 49 53 60 66 71 75 80 81 82 82 82 83 82 82 82 81 78 74 70
129 129 129 127 125 125 127 126 119 120 126 132 134 136 135 131 130 125 121 115 106 100 112 118 120 118 115 110 109 103 100 101 103 106 106 106 105 104 102 100 96 88 78 68 64 60 56 53 49 47 46 46 43 42 41 41 41 48 51 54 54 52 53 53 53 55 59 59 60 60 60 61 61 62 62 64 64 63 62 59 57 54 51 49 46 43 40 38 34 31 31 32 34 35 36 38 40 41 43 46 48 49 55 60 65 71 75 78 80 80 79 79 79 77 77 77 75 73 70 65
126 125 124 122 117 118 120 118 110 119 129 133 133 135 135 135 133 132 128 122 117 110 115 122 123 120 119 117 114 113 110 109 110 110 111 109 108 105 103 101 95 88 82 80 75 71 66 62 58 55 53 51 51 49 44 41 40 40 43 47 47 48 48 49 49 51 53 53 53 52 52 53 53 54 55 55 55 55 54 51 49 48 47 45 42 40 38 36 33 30 30 31 33 34 36 38 39 40 44 47 50 53 57 60 66 70 75 77 78 77 76 75 74 73 73 73 72 68 64 60
121 120 117 113 108 110 113 107 109 124 130 131 132 134 136 136 136 135 132 129 125 120 121 124 126 124 122 121 119 117 116 114 113 113 113 112 110 107 103 100 97 92 92 88 84 81 77 74 70 67 63 60 58 56 51 46 43 39 39 39 40 43 42 45 47 48 48 48 47 47 47 48 47 47 49 48 48 48 47 46 44 43 43 41 40 38 36 34 32 30 29 31 34 36 37 38 39 42 45 49 53 57 60 64 70 72 75 76 75 74 73 72 70 69 69 71 70 66 61 57
115 112 108 103 95 101 98 98 101 120 124 126 130 132 135 138 139 139 137 132 131 129 129 129 130 127 125 124 122 121 119 117 115 114 114 112 111 108 104 102 100 99 98 95 92 90 87 84 80 77 73 70 67 62 58 52 48 43 40 38 38 37 39 39 42 44 44 44 43 41 42 44 42 43 44 44 44 44 42 41 41 39 39 39 38 36 34 33 30 29 29 31 34 39 40 40 40 44 47 51 55 60 64 67 71 74 75 75 73 72 70 69 67 67 67 68 67 64 60 56
105 99 87 86 89 88 89 98 97 100 108 110 122 130 135 139 141 141 141 138 136 134 133 132 131 129 127 125 123 121 119 117 115 114 113 112 111 108 104 103 102 102 101 100 98 96 94 91 89 85 81 78 73 68 62 58 52 49 43 41 38 37 36 37 39 41 40 40 40 38 39 40 38 39 41 41 41 40 39 38 37 37 37 36 35 34 33 31 30 28 28 29 32 38 41 41 43 48 48 51 58 62 66 70 72 73 74 73 72 71 69 66 64 64 64 66 66 64 60 56
78 79 85 92 103 108 113 116 117 115 115 120 126 129 135 139 142 142 142 140 139 138 135 133 131 129 126 124 122 120 117 115 114 112 111 110 109 105 104 104 104 104 104 103 102 101 99 96 93 90 86 82 79 72 65 61 53 49 45 43 39 38 36 36 35 35 36 37 37 36 36 36 36 36 37 37 38 37 36 35 34 34 34 34 33 33 31 30 29 28 28 28 31 38 41 43 47 50 50 55 58 62 67 71 72 72 72 71 70 69 66 64 62 60 62 65 65 64 60 57
81 89 101 108 114 120 124 128 128 128 128 128 131 134 139 140 143 144 143 142 141 140 137 135 132 128 125 122 119 117 114 111 111 109 108 106 104 104 104 105 107 107 106 105 104 103 102 100 97 93 90 84 78 69 60 57 50 48 47 45 43 41 39 37 35 35 34 33 33 33 32 33 33 33 33 34 35 35 34 33 32 31 30 32 32 32 30 29 27 27 27 29 33 36 39 43 47 50 54 59 60 64 68 71 71 71 70 68 67 66 65 62 60 60 60 63 64 62 60 57
100 105 110 116 124 130 132 135 135 135 136 137 137 139 142 144 145 145 144 143 142 140 137 133 130 126 122 119 116 113 110 108 106 105 103 103 103 103 104 108 110 110 109 107 106 104 103 101 98 94 88 83 73 69 65 59 55 53 50 49 48 47 45 42 39 37 35 33 32 32 31 31 31 30 30 31 32 33 33 32 30 29 29 31 31 31 30 28 26 26 28 30 33 37 40 44 49 52 57 60 63 66 69 70 69 66 65 65 64 64 63 60 58 58 59 60 62 61 59 55
103 112 118 124 131 135 139 140 140 140 142 142 142 143 146 146 146 145 145 143 141 139 134 131 127 122 119 115 111 108 106 104 102 101 100 99 101 102 105 107 109 110 110 108 108 105 104 102 99 95 90 86 81 77 71 67 65 62 59 58 56 54 52 49 46 42 38 35 33 32 32 31 30 29 29 29 29 30 31 30 30 28 29 29 29 29 28 26 26 26 28 31 35 38 41 46 50 54 57 61 64 65 67 65 64 63 62 62 62 62 61 60 58 60 58 60 61 60 58 54
110 116 122 130 135 139 142 142 143 143 144 145 147 149 150 149 148 146 145 142 139 136 131 127 122 118 114 110 107 104 102 100 98 98 98 100 101 102 104 105 107 109 110 109 108 106 105 103 101 99 94 90 88 84 81 79 73 73 71 68 66 63 60 57 54 49 44 39 39 39 35 34 32 31 29 29 28 28 28 28 28 27 27 27 27 27 26 26 26 27 30 33 36 40 44 48 51 56 60 62 64 65 64 63 62 61 60 60 61 61 60 59 55 57 57 60 60 58 56 52
117 121 128 133 137 140 143 144 144 145 147 149 151 151 151 150 150 147 145 142 137 132 128 122 119 113 110 105 102 100 99 98 95 94 96 99 100 101 102 103 104 105 105 105 104 104 105 103 102 100 98 94 92 90 87 85 81 81 79 77 74 71 68 64 61 55 50 46 46 44 40 38 36 34 32 29 28 28 28 27 27 27 26 26 26 25 25 25 24 26 29 30 34 38 43 50 54 58 61 62 62 64 62 60 60 60 59 59 60 60 58 54 50 53 55 58 58 56 54 51
119 125 131 136 140 141 143 145 145 147 150 150 151 152 152 151 150 147 145 142 137 132 125 120 116 110 108 104 100 99 98 97 90 90 92 94 98 99 101 101 102 103 102 102 102 101 103 102 101 101 100 97 95 93 91 89 87 86 84 82 80 77 73 70 66 61 57 54 53 49 46 44 40 37 34 32 30 29 29 28 28 28 27 27 26 25 25 24 24 25 27 29 33 38 44 50 54 58 60 60 61 61 59 58 58 58 58 58 60 57 54 50 50 51 53 56 56 53 53 51
119 128 133 137 140 141 143 144 145 146 148 149 150 151 150 150 148 146 144 142 138 133 128 122 119 113 111 107 104 101 97 92 89 89 90 90 94 96 97 98 99 100 100 99 98 99 100 100 100 100 101 100 97 96 93 92 91 89 87 85 83 81 79 75 71 67 63 62 59 56 53 50 46 41 39 35 33 31 31 30 29 30 29 29 27 26 25 25 24 24 26 28 33 39 40 49 52 56 60 60 60 60 57 56 55 55 56 56 57 55 52 50 50 50 52 53 53 50 51 50
121 129 133 136 139 140 142 142 143 144 146 147 148 148 148 147 146 145 144 142 138 134 130 125 122 119 114 112 108 104 101 97 92 89 89 85 88 91 91 94 96 96 95 94 93 95 97 98 97 98 99 96 95 94 93 93 92 91 89 87 84 83 81 79 75 72 70 68 65 63 60 58 51 45 40 38 36 34 33 32 32 32 31 30 29 27 26 25 24 24 25 27 31 36 42 48 51 55 58 59 58 56 54 52 50 53 54 55 55 54 51 50 48 49 50 50 50 49 50 49
124 130 132 134 137 137 138 139 140 142 144 144 145 146 145 145 144 144 142 141 139 135 132 128 124 120 117 113 110 106 103 100 96 92 89 80 79 84 88 91 91 91 90 90 89 92 94 95 94 95 95 93 92 92 91 91 91 91 89 86 85 83 82 80 78 75 74 73 70 69 65 60 56 49 45 41 38 37 35 35 34 33 33 31 30 29 26 25 24 24 24 26 29 35 40 46 49 53 56 57 55 53 50 49 49 51 53 53 53 53 51 50 46 44 45 47 47 47 48 47
126 130 131 133 133 133 132 135 138 140 141 143 143 143 143 143 143 142 141 140 137 134 132 128 124 119 115 111 109 105 102 99 95 93 90 82 79 80 83 86 86 85 84 86 88 90 91 91 91 90 89 89 89 89 88 88 88 88 85 84 83 82 81 81 80 78 76 75 74 72 70 65 61 56 50 47 43 40 38 37 36 36 34 32 30 29 27 26 24 23 23 25 28 33 39 44 49 52 54 54 52 50 48 47 49 50 51 51 52 52 51 48 42 39 40 42 41 43 44 45
124 127 129 129 128 128 128 130 134 137 139 140 141 140 141 141 140 139 139 137 134 132 130 126 122 117 112 108 104 101 98 94 91 90 86 81 78 79 82 82 81 80 79 82 85 87 88 88 87 85 83 83 84 84 84 84 84 83 82 81 80 80 80 80 80 79 78 77 75 74 71 68 65 61 57 54 50 47 44 42 40 39 36 34 31 29 27 26 24 23 23 24 28 33 38 44 48 52 53 52 50 48 45 45 48 50 50 50 50 51 50 47 42 39 38 37 37 40 41 43
122 123 125 124 120 120 126 130 131 133 135 136 137 137 137 136 136 135 135 134 131 130 128 125 121 117 111 106 100 98 90 90 88 84 82 79 74 76 79 77 76 77 79 81 83 84 83 83 82 79 78 78 79 79 79 79 80 79 78 78 77 77 77 78 79 80 78 77 76 74 72 70 68 65 63 61 56 53 51 49 46 42 38 35 32 29 27 26 24 22 22 23 27 33 39 44 48 51 52 50 48 46 43 43 46 49 49 49 50 50 49 46 41 39 37 32 32 38 40 42
119 119 121 118 118 120 123 126 128 130 130 130 132 131 131 131 131 131 131 131 130 128 125 123 120 116 111 106 100 98 90 88 80 80 79 73 70 70 73 72 71 73 77 79 81 81 79 79 77 74 72 72 74 75 75 75 75 75 74 74 73 73 74 76 77 77 76 75 74 74 73 71 70 69 66 64 60 58 56 54 51 46 40 36 31 29 27 26 25 23 22 22 25 31 37 42 47 50 50 48 45 43 40 40 43 46 47 48 50 50 48 45 41 38 35 30 30 33 39 40
114 115 112 109 111 117 120 123 124 126 126 126 126 126 126 126 126 126 127 127 126 124 122 121 119 116 112 108 104 101 95 90 82 78 76 70 69 69 70 69 69 70 74 76 78 78 76 74 72 69 69 69 70 71 71 70 70 71 70 70 70 70 70 73 74 75 74 73 73 72 72 71 70 70 68 66 63 61 60 57 54 49 44 39 33 29 27 26 25 23 21 22 25 30 35 40 44 47 47 45 43 41 40 39 40 44 45 46 49 49 46 44 42 39 34 30 29 30 35 38
109 108 103 109 111 113 116 118 120 121 121 120 119 120 121 121 121 120 123 123 123 120 118 118 116 115 113 110 106 102 98 93 88 81 76 71 69 69 69 69 69 69 71 74 76 74 72 70 69 67 68 68 70 68 67 67 68 69 68 67 67 68 70 71 72 72 71 70 69 69 68 69 69 69 68 66 64 63 61 60 57 52 47 41 35 30 28 26 25 24 21 21 24 28 33 39 42 45 44 43 40 40 38 39 40 42 44 44 47 47 45 43 42 39 34 30 29 30 32 35
101 98 99 104 108 109 112 113 114 115 115 114 114 114 114 116 118 119 121 120 119 117 115 114 114 114 112 111 109 104 101 96 91 85 79 76 72 70 69 69 68 62 67 71 72 71 70 67 64 65 66 66 67 65 64 63 65 66 65 64 64 66 67 69 68 68 67 65 63 63 63 64 65 66 66 66 65 64 62 60 59 55 49 43 37 31 28 26 25 24 20 19 23 27 32 38 40 42 41 40 38 36 37 39 40 41 42 42 45 45 43 42 41 38 33 30 29 29 31 33
90 89 100 99 100 105 108 108 108 109 108 102 101 109 109 113 116 118 118 116 114 113 110 109 112 112 111 111 109 106 102 98 93 88 83 80 76 72 70 71 67 60 59 65 68 68 66 63 60 60 64 64 65 63 61 60 62 64 63 60 60 63 64 65 64 63 62 60 57 56 57 61 60 62 64 64 64 63 62 61 59 55 50 43 38 34 29 27 26 24 19 20 22 26 30 34 37 39 38 37 35 33 34 37 40 41 40 40 42 42 42 41 40 37 32 29 29 29 31 31
80 82 92 89 98 102 102 102 102 100 96 91 97 104 110 113 115 116 115 114 111 109 105 106 110 110 111 110 109 106 103 99 95 91 88 83 80 77 75 73 70 62 59 59 62 64 62 61 60 60 61 62 63 61 59 60 61 62 61 60 60 61 62 61 59 59 56 53 50 49 50 53 56 58 61 60 61 61 61 61 58 53 48 44 41 36 30 28 26 24 19 19 22 24 29 31 34 36 35 33 32 30 30 34 37 39 38 38 39 40 40 40 38 35 31 29 28 28 30 28
80 77 79 88 99 99 96 95 95 93 90 88 100 109 112 112 113 114 112 110 107 104 103 104 106 106 110 108 105 105 104 101 98 94 91 86 80 80 79 76 72 66 61 59 59 60 60 60 60 58 60 61 60 58 58 60 61 61 60 59 60 60 59 57 55 53 50 47 45 44 45 47 52 54 55 55 56 57 58 59 55 51 49 46 42 38 31 28 27 24 20 19 20 23 26 29 30 33 32 31 30 29 30 31 33 34 34 35 36 37 37 38 35 33 30 29 28 27 27 25
80 69 72 90 94 93 89 86 87 82 80 90 102 106 109 110 111 111 110 107 105 99 100 101 101 103 105 105 104 104 103 101 99 95 89 88 84 83 81 78 73 67 63 59 59 59 59 58 56 50 52 55 55 54 55 59 59 58 58 57 57 57 55 52 50 48 45 42 41 40 41 43 46 47 47 48 50 52 54 55 52 50 50 47 43 39 34 30 28 24 21 19 18 20 23 26 29 30 30 29 28 28 28 30 30 30 31 31 32 34 34 34 33 31 30 28 27 25 24 22
81 69 69 86 91 88 84 77 73 68 78 95 100 103 105 107 107 106 105 103 101 90 90 97 98 101 102 103 102 102 102 100 99 96 90 90 90 86 83 80 75 70 66 60 59 59 59 58 51 49 49 49 47 49 52 54 55 54 55 55 55 54 52 49 47 43 39 37 37 36 36 36 38 39 40 43 46 48 49 52 50 50 49 46 43 40 36 32 30 26 21 19 18 18 20 23 26 28 28 27 27 26 27 28 27 28 29 29 30 31 32 31 31 29 27 23 19 19 21 19
78 59 66 83 86 84 80 70 66 68 91 94 98 100 101 102 102 101 101 100 96 84 83 89 90 98 100 102 102 102 101 100 100 98 95 93 92 89 85 81 77 72 69 64 61 61 60 60 56 53 50 50 48 47 49 52 51 49 53 53 52 52 50 46 43 38 38 38 39 39 38 36 35 35 36 38 40 44 46 48 48 48 46 44 42 40 37 33 30 27 22 19 18 18 19 21 23 25 26 25 25 25 25 25 25 25 27 28 28 29 29 28 28 26 23 20 19 19 18 17
72 58 68 80 81 79 72 66 66 86 90 90 94 96 97 98 99 100 99 96 92 82 77 81 90 94 99 101 102 102 102 102 101 100 98 95 93 90 85 81 77 70 69 70 68 65 63 61 60 57 54 52 51 47 45 48 48 50 51 51 50 49 45 42 40 38 41 47 46 43 42 41 39 34 34 35 38 41 43 44 45 45 44 42 40 37 36 32 30 27 23 21 18 17 18 20 22 22 24 24 24 24 22 22 22 23 24 25 26 26 26 25 24 22 21 20 19 18 17 16
64 58 63 74 76 74 64 59 80 83 86 88 90 92 94 94 95 96 95 92 87 79 70 79 88 96 100 102 103 104 103 103 102 101 99 95 91 87 84 79 78 73 72 72 71 69 66 63 62 60 57 54 52 49 45 45 46 49 50 48 46 43 40 39 39 42 49 51 50 48 44 42 39 36 34 33 33 34 41 39 42 43 43 42 39 36 35 30 29 27 24 21 19 17 17 19 21 21 23 23 24 22 20 20 20 20 23 23 24 24 23 23 21 20 19 19 18 18 17 16
49 51 58 66 69 68 59 61 78 78 80 84 85 87 89 90 92 92 90 85 79 69 69 85 94 99 101 103 104 104 104 104 102 101 97 94 89 88 86 82 80 79 77 74 73 71 69 66 63 60 58 55 52 50 49 45 43 42 41 41 40 39 39 39 43 50 52 52 49 48 45 40 39 39 37 34 33 32 32 35 40 41 42 41 41 39 36 32 30 28 25 22 19 17 17 17 18 20 21 22 23 21 20 19 19 20 20 22 23 22 22 21 20 19 18 18 17 17 16 16
47 48 48 50 56 61 58 66 71 74 77 79 79 81 84 86 88 87 82 75 63 65 79 93 99 101 102 103 104 104 104 104 102 100 98 95 92 90 88 85 82 82 79 77 75 73 70 67 63 59 57 56 53 50 49 47 45 44 42 43 40 41 42 44 49 51 53 54 49 47 46 43 41 43 40 37 35 33 31 30 34 37 38 40 41 40 38 35 32 30 27 24 21 18 17 16 16 17 18 20 21 21 19 18 19 20 21 22 22 21 20 20 20 19 18 18 17 16 16 15
66 55 49 47 46 48 48 62 66 70 72 71 71 77 80 83 83 81 74 60 58 73 89 94 98 100 102 102 103 104 104 103 102 101 100 97 94 92 90 87 84 82 79 76 74 72 69 66 62 59 58 57 54 50 50 50 50 50 51 52 50 50 50 50 49 50 56 57 53 50 50 49 49 49 46 41 38 35 33 29 28 29 30 34 38 40 39 37 34 31 29 27 23 20 18 16 16 16 15 15 19 20 19 17 19 20 21 21 21 20 19 19 19 18 17 17 16 16 15 15
75 69 65 60 49 45 47 52 60 67 65 63 70 75 78 80 78 72 62 57 65 83 90 93 96 99 100 101 102 102 102 102 102 101 100 98 95 92 90 87 83 80 78 74 73 71 69 64 62 60 59 58 58 56 57 59 59 60 62 62 63 61 61 60 59 59 60 60 59 59 59 57 56 55 51 46 40 38 39 34 28 27 27 27 33 38 40 38 35 33 31 30 27 23 20 19 17 15 15 15 15 17 16 17 19 21 21 21 20 20 19 18 18 17 17 16 15 15 15 14
83 82 78 73 62 50 45 42 46 60 57 59 71 73 75 76 72 63 57 57 76 83 88 91 93 95 98 100 101 101 101 101 101 100 98 95 93 90 87 84 81 78 75 72 69 68 67 62 60 60 60 61 61 63 66 68 69 70 71 72 72 72 71 70 69 68 69 69 67 67 66 65 63 60 58 51 45 40 42 42 39 32 28 26 28 34 39 39 36 35 33 32 30 28 24 20 16 14 14 15 15 15 15 16 19 20 20 19 19 19 18 18 17 17 16 16 15 15 14 13
91 89 86 82 73 69 63 45 43 47 49 57 64 68 70 71 65 50 51 70 75 80 84 87 89 91 94 97 98 99 99 99 99 97 95 92 90 87 84 81 79 76 73 71 69 68 65 60 60 61 64 67 69 71 73 76 77 78 79 80 80 80 79 79 78 77 76 75 74 73 72 71 68 65 62 55 49 46 45 43 41 38 31 27 25 30 34 35 35 35 35 35 34 32 30 28 23 21 15 16 15 15 14 15 15 17 18 18 18 18 17 17 17 16 16 15 15 14 13 13
98 94 92 88 84 80 76 70 55 45 44 46 49 60 65 66 62 48 58 66 70 76 80 80 84 89 91 93 94 95 95 96 95 94 92 89 86 83 80 77 75 72 71 71 70 68 68 67 68 69 72 74 76 78 80 81 83 84 85 85 85 86 84 84 83 82 81 80 79 78 76 74 72 69 64 59 53 50 47 43 39 38 36 30 26 24 29 31 33 35 36 36 37 36 34 31 29 24 21 18 15 15 14 14 14 14 15 16 17 17 16 16 16 16 15 15 14 13 12 12
101 99 96 93 90 88 85 81 76 65 50 45 44 45 56 61 55 49 52 58 67 71 71 76 79 84 88 89 90 90 91 92 92 90 89 85 82 79 75 73 71 70 69 69 68 68 69 69 71 73 76 79 80 83 84 85 87 88 89 89 89 90 89 87 87 86 85 84 83 81 80 77 74 71 67 62 58 54 50 47 41 41 41 38 31 25 24 24 29 33 35 35 36 35 33 30 28 24 22 19 16 15 14 14 14 14 14 15 15 16 16 16 16 15 15 14 13 12 12 11
102 101 100 97 94 93 91 86 82 78 70 61 46 46 44 49 52 45 48 57 62 61 67 71 75 79 82 83 85 86 86 87 87 85 83 80 77 73 71 69 68 67 66 66 65 67 68 70 72 74 77 79 82 84 86 89 90 90 91 92 92 92 91 90 88 88 87 86 85 83 81 79 75 73 70 66 62 58 51 49 48 48 45 41 40 32 26 23 23 31 32 33 33 31 29 28 26 24 21 19 17 16 14 14 14 14 13 14 14 15 15 15 15 15 14 13 12 12 11 10
103 102 101 100 97 94 93 90 85 81 74 68 60 49 40 39 40 40 40 51 56 59 63 68 70 72 75 77 78 79 81 82 82 80 78 75 72 69 66 65 65 64 63 62 60 65 68 70 72 75 77 79 82 85 87 89 89 90 90 91 89 89 89 88 87 87 86 85 85 83 80 78 74 72 71 68 64 60 57 52 52 51 49 44 42 40 32 26 22 22 29 30 30 28 26 25 24 23 21 19 18 16 15 14 14 13 13 13 14 14 15 15 14 14 13 12 12 11 11 10
102 101 100 100 98 95 93 89 85 79 71 65 59 52 50 44 41 39 37 39 47 56 60 62 63 62 69 68 68 72 76 78 77 75 73 70 67 65 62 60 62 62 61 60 60 61 67 71 73 76 79 81 83 85 86 87 87 87 88 88 87 86 86 85 85 84 84 83 82 80 78 75 72 70 69 66 64 61 60 57 54 53 50 47 43 40 33 28 24 21 21 24 25 24 24 23 23 22 20 19 18 17 15 15 14 13 13 13 13 13 13 13 13 12 12 12 11 11 11 10
101 100 99 98 97 95 93 90 86 81 79 73 71 70 67 64 60 50 36 36 43 52 55 55 57 57 61 61 61 69 72 73 72 70 68 65 63 61 59 59 60 60 60 59 59 64 69 72 75 77 79 81 83 83 84 84 84 84 84 84 83 83 83 82 81 81 80 80 79 76 74 72 69 67 65 63 62 61 60 59 54 52 49 46 41 38 33 28 25 22 20 20 21 21 22 22 21 21 20 19 17 16 16 15 14 13 12 12 12 12 12 12 12 12 11 11 11 11 11 10
99 99 98 97 96 94 93 91 89 85 82 80 78 77 74 70 64 56 41 35 39 47 49 48 48 52 52 51 58 64 70 71 69 67 63 61 59 59 58 58 59 59 59 60 63 69 72 73 75 75 77 79 81 81 81 81 80 80 80 79 79 79 79 78 77 77 76 74 73 71 71 68 65 63 61 60 59 59 57 54 51 49 48 45 42 39 35 31 28 24 20 20 20 19 20 19 19 20 18 17 16 16 16 15 14 12 12 12 12 12 11 11 11 11 11 11 11 11 10 10
95 96 96 95 94 93 93 91 90 88 85 84 83 82 79 73 67 58 47 37 38 40 41 40 39 43 43 48 56 63 67 67 66 63 59 58 57 58 57 58 58 59 60 63 68 71 72 73 74 74 74 76 77 77 77 76 76 75 75 74 73 73 73 73 72 71 70 67 67 67 65 63 60 60 57 56 56 55 53 50 49 46 45 42 40 38 34 32 30 28 24 21 19 19 18 15 16 16 16 15 15 15 14 15 14 12 11 11 11 11 11 11 11 11 11 11 11 11 10 10
91 92 93 93 93 92 92 92 90 89 87 85 84 83 80 75 67 59 50 40 37 36 33 34 38 38 38 43 53 61 63 65 64 61 59 57 54 57 57 57 58 60 62 67 70 72 72 73 72 71 72 73 73 72 71 71 70 69 69 68 67 68 68 67 66 65 65 62 62 62 60 58 56 55 53 51 51 51 50 48 46 43 41 40 37 35 33 32 31 29 27 23 21 19 17 14 14 12 12 12 12 13 13 13 12 12 12 11 11 11 11 11 11 11 11 11 11 11 10 10
89 89 91 91 91 90 90 91 90 89 87 86 85 84 81 77 70 66 59 52 47 41 41 44 41 38 38 38 45 55 60 61 63 61 59 56 52 55 56 58 59 62 65 68 70 70 70 71 70 70 69 68 67 67 66 65 64 64 64 62 63 61 62 61 60 58 58 59 57 58 55 53 50 50 49 48 48 47 46 44 42 40 38 36 34 32 30 31 30 28 26 24 22 20 18 15 12 12 16 17 13 12 12 12 12 11 11 11 11 11 11 11 11 11 11 11 11 10 10 8
86 87 88 88 88 87 87 88 87 86 86 85 85 84 82 79 76 72 66 63 60 58 59 55 51 45 38 36 37 48 55 58 61 60 57 53 50 53 55 58 60 60 62 64 67 68 67 67 67 65 63 61 61 60 60 58 58 59 59 57 58 57 57 56 55 53 53 53 52 53 51 50 47 45 44 44 44 43 42 40 38 36 34 31 30 29 29 30 28 26 24 23 22 20 18 15 12 15 16 17 16 13 11 11 11 11 11 11 11 11 11 11 11 11 11 11 10 10 10 8
84 84 85 84 84 84 84 84 84 83 84 85 85 84 83 80 79 75 72 69 66 63 62 60 56 52 43 37 36 38 51 56 59 58 55 50 50 50 54 58 60 61 62 63 64 64 63 62 62 59 58 56 54 54 54 53 53 54 54 51 52 51 51 50 50 48 48 49 49 49 47 45 43 41 40 40 42 39 39 37 34 32 30 29 28 27 27 27 26 24 23 21 20 18 15 12 12 17 16 16 14 13 11 11 11 11 11 11 10 10 11 11 11 11 11 11 10 10 10 8
82 82 82 81 80 80 80 80 81 81 83 83 84 83 82 81 80 78 75 73 70 67 64 63 60 54 48 40 36 35 46 52 56 56 53 50 50 50 53 55 57 58 60 59 60 59 58 55 55 52 52 50 48 49 49 48 49 50 49 47 47 47 46 45 45 44 44 46 46 45 43 42 41 39 37 37 39 37 35 33 30 29 28 27 26 25 25 24 23 22 21 20 18 15 14 12 12 16 15 14 13 12 11 11 10 10 10 10 10 10 10 11 10 10 10 10 10 10 10 8
81 80 79 77 76 78 77 77 78 79 81 82 83 82 81 80 80 78 76 74 71 69 66 64 61 57 52 47 37 37 39 47 51 53 51 50 49 51 53 53 52 52 52 51 51 51 50 49 48 48 47 46 43 43 44 44 45 46 45 43 43 43 42 41 40 39 40 43 43 42 39 39 38 36 34 33 34 33 32 30 29 27 26 25 24 23 22 22 21 20 20 19 16 14 13 12 12 13 14 13 12 11 10 10 10 10 10 10 10 10 10 10 10 10 10 10 10 10 10 8
79 77 75 73 72 75 75 75 77 79 80 80 81 80 79 79 78 76 74 72 70 69 66 65 62 59 55 49 41 37 37 40 46 49 51 46 49 49 52 51 50 50 50 50 49 49 49 46 44 44 43 41 38 38 40 40 41 42 42 39 39 40 40 37 37 37 40 42 41 39 38 37 35 33 30 29 30 29 30 29 27 25 24 22 20 19 20 20 19 19 18 17 15 14 13 12 12 12 13 12 11 11 10 10 10 10 10 10 10 10 10 10 10 10 10 10 10 10 10 8
73 73 71 70 69 71 73 72 74 75 77 77 78 77 76 75 74 73 72 71 70 69 67 66 63 61 60 53 43 38 37 37 42 48 48 40 45 47 49 48 48 47 47 46 45 44 43 40 40 40 40 38 36 36 37 37 38 39 38 36 36 36 37 34 34 36 38 39 40 38 36 34 33 31 30 29 28 28 28 26 25 23 22 21 20 19 19 18 18 18 17 15 14 14 13 12 12 12 13 12 11 11 11 11 10 10 10 10 10 10 10 10 10 10 10 10 10 10 10 9
70 70 69 68 68 70 71 70 70 72 73 73 74 73 73 72 71 71 70 70 70 70 68 66 64 62 61 56 48 38 37 36 40 42 41 40 40 45 47 44 44 44 43 42 40 39 39 37 37 37 36 34 33 33 34 34 35 36 35 34 33 33 33 32 30 33 35 38 38 36 34 32 30 29 29 28 27 26 25 24 23 22 21 20 19 19 18 18 18 17 16 15 14 14 13 12 12 12 13 12 11 11 11 11 10 10 10 10 10 10 10 10 10 10 10 10 10 10 10 10
66 66 65 66 68 70 70 68 70 71 70 70 70 70 70 69 69 68 68 68 67 66 65 64 63 61 60 56 51 41 38 34 38 39 39 40 41 43 44 40 40 40 40 39 37 36 36 35 35 35 33 32 30 30 31 32 32 32 32 31 30 30 30 30 28 30 33 35 36 34 32 30 30 28 28 27 26 25 25 21 21 21 20 20 18 17 17 17 17 17 16 14 14 15 13 12 12 13 13 13 12 11 11 11 10 10 10 10 9 9 10 9 9 10 10 10 9 10 10 10
62 62 63 64 66 68 69 69 70 70 69 68 69 68 67 67 66 65 66 66 65 65 64 62 61 60 59 55 52 47 40 37 36 35 40 41 42 42 40 40 39 39 38 37 36 35 35 34 34 32 30 30 29 29 30 30 31 31 31 30 29 29 29 29 28 30 31 33 34 33 31 30 30 28 28 27 25 23 20 20 20 20 20 19 18 17 17 17 17 17 17 16 16 16 15 14 14 15 15 15 14 14 12 11 11 10 10 10 10 10 10 8 9 10 10 10 10 11 12 11
59 59 60 61 63 65 66 66 67 67 66 65 65 65 64 63 63 64 64 63 63 62 60 58 58 58 56 53 49 46 41 37 31 29 34 41 42 42 41 40 39 38 37 36 35 34 34 33 30 29 29 29 28 28 28 29 30 30 29 29 28 27 26 28 28 29 30 33 33 32 30 30 29 28 27 26 24 23 20 19 19 19 19 18 18 17 17 16 16 16 16 15 15 15 15 15 15 15 15 14 14 13 12 11 10 10 10 10 10 9 9 8 9 9 9 10 10 11 12 12
58 58 60 60 61 63 64 63 63 63 63 61 60 61 60 59 61 62 62 62 61 61 58 55 53 54 56 53 49 46 40 35 30 29 30 40 42 42 41 40 39 38 37 36 35 34 34 32 30 29 29 29 28 28 28 28 28 28 27 27 26 25 25 25 28 29 30 32 32 31 30 29 28 27 26 25 24 22 21 20 19 19 18 18 17 17 16 15 15 15 15 14 14 14 14 14 14 14 13 12 12 11 11 10 10 10 10 10 10 9 9 9 9 9 9 10 10 11 11 12
57 57 59 60 60 62 62 60 59 59 59 59 58 59 59 58 59 60 60 59 59 58 55 51 49 49 52 52 50 47 42 36 30 29 31 40 42 42 42 41 40 39 38 36 36 35 34 34 33 31 30 30 29 29 28 27 25 25 25 25 25 25 24 25 28 30 31 32 31 31 30 29 27 26 25 25 23 22 21 20 19 18 18 17 17 16 15 14 14 15 14 13 12 12 11 12 12 12 11 10 10 10 10 10 10 10 10 9 9 9 9 9 9 9 10 10 10 11 11 12
57 57 57 56 56 58 58 56 56 56 56 57 57 57 57 56 56 58 58 56 57 55 52 49 48 48 50 51 50 48 42 35 30 29 31 39 41 41 41 42 41 39 39 37 36 36 35 35 35 34 34 32 30 29 28 27 25 25 24 24 24 24 24 26 29 31 31 31 31 31 30 28 26 25 24 23 22 21 21 20 19 18 18 17 16 15 14 14 14 13 12 11 11 10 9 11 10 10 9 9 9 9 9 9 10 9 9 8 8 9 9 9 9 9 10 10 10 11 11 12
56 55 55 53 52 52 52 52 53 53 53 53 55 57 55 52 52 55 55 54 51 50 49 47 47 47 48 49 48 45 42 35 29 29 30 34 38 40 41 41 41 40 40 39 37 37 37 36 36 36 35 34 32 31 30 28 28 26 24 24 23 24 24 26 29 31 31 31 30 30 28 26 25 23 22 22 21 20 20 19 18 17 17 17 16 15 14 13 13 12 10 10 10 9 9 9 9 9 9 9 9 9 8 9 9 8 8 8 8 9 9 9 9 9 10 10 10 11 12 12
55 54 51 50 49 49 49 48 50 49 49 49 53 57 51 48 49 50 49 48 48 47 46 44 45 45 46 47 47 45 42 36 29 28 29 30 34 36 39 40 40 41 40 40 39 39 38 38 37 37 36 35 34 33 31 30 30 28 25 24 22 23 24 25 28 29 30 30 30 29 27 25 23 21 20 20 20 19 18 18 17 17 16 16 15 15 14 13 12 11 10 9 9 9 9 9 9 9 9 9 9 9 9 10 8 8 8 8 9 9 9 9 9 9 10 10 11 11 12 12
54 52 48 48 47 48 45 45 45 47 49 49 50 57 52 49 48 47 47 46 46 46 44 40 40 42 44 45 45 45 43 40 32 28 28 28 30 33 35 36 38 40 40 40 40 40 40 40 38 37 36 35 34 32 31 31 30 29 25 21 20 22 24 25 28 29 30 30 29 28 26 24 21 20 19 19 17 17 16 16 16 16 15 15 15 14 13 12 12 11 10 9 9 9 8 8 9 9 9 9 9 8 9 8 8 8 10 10 10 9 9 9 9 10 10 10 11 11 12 12
52 51 48 49 48 46 42 40 42 46 50 53 55 56 53 48 46 45 43 41 41 44 40 39 39 41 42 42 43 44 42 41 38 31 28 28 29 30 32 33 35 38 40 41 41 41 42 40 39 37 36 34 33 30 30 30 29 25 24 20 20 22 25 27 28 29 30 30 29 27 25 24 21 19 18 17 16 15 15 15 15 15 14 14 14 13 12 12 11 11 10 9 9 8 8 8 8 8 8 8 8 8 8 8 9 10 10 10 9 9 9 9 9 10 10 11 11 11 12 12
51 50 48 49 50 46 41 39 39 44 52 56 55 52 49 47 45 41 39 38 39 41 39 38 37 38 39 39 40 41 41 41 40 34 29 27 25 26 30 31 33 36 40 41 41 42 42 41 40 38 36 35 34 31 30 29 27 25 22 20 20 24 27 29 29 30 30 29 29 27 25 24 21 21 19 18 15 15 14 13 13 13 13 13 12 12 12 11 11 10 10 9 8 8 8 8 8 8 8 8 8 8 8 9 9 10 11 10 9 9 9 9 9 10 10 11 11 11 12 12
49 49 48 48 48 46 42 39 39 44 49 51 49 48 47 46 44 41 39 37 37 39 38 36 35 35 36 37 38 39 40 40 38 35 31 28 25 24 26 28 31 34 39 40 41 41 42 41 41 40 38 36 35 33 31 30 28 26 22 19 20 23 27 31 31 31 30 30 29 26 25 23 21 21 20 16 15 13 12 12 12 12 12 11 11 11 11 11 10 10 9 9 8 8 8 8 8 8 8 8 8 8 8 9 10 11 10 9 9 9 9 9 9 10 10 11 11 11 12 12
48 48 47 46 46 45 42 40 40 41 46 48 47 46 46 44 42 40 38 35 36 37 36 35 34 32 34 35 36 37 37 37 36 35 34 30 26 23 23 25 30 33 35 38 39 40 41 41 41 40 38 36 35 34 33 31 29 26 22 19 20 22 25 28 29 30 30 29 27 25 23 21 20 20 17 15 14 12 10 10 10 10 10 10 10 10 10 10 10 9 8 8 8 8 8 8 8 8 8 8 8 8 9 10 10 10 9 9 9 9 9 9 10 10 10 11 11 12 12 12
47 46 45 43 42 42 40 40 38 40 43 45 45 43 42 39 39 38 36 33 33 35 35 33 32 30 30 32 34 35 35 34 35 35 35 32 28 24 23 23 26 30 33 34 35 37 39 39 39 38 36 35 35 34 33 32 30 26 22 19 19 21 23 25 27 28 28 27 25 23 22 21 19 17 15 14 13 11 9 9 9 9 9 9 9 9 9 10 9 9 8 8 8 8 8 8 8 8 8 8 8 8 9 9 10 10 9 9 9 8 9 9 10 10 10 11 11 12 12 12
46 46 44 40 39 39 40 38 36 37 39 38 39 38 38 37 37 36 34 30 30 32 33 32 31 30 29 31 32 33 32 32 32 33 32 31 30 25 23 23 23 24 30 31 33 34 34 35 35 35 34 34 33 32 31 30 28 25 22 19 19 20 21 23 25 25 24 24 23 21 20 19 17 15 14 13 12 10 10 9 9 9 10 9 8 8 9 10 10 9 8 8 8 8 8 8 8 8 8 8 8 8 8 9 9 9 8 8 8 8 8 9 10 10 11 11 12 12 12 12
44 44 42 40 39 38 37 35 35 34 36 36 36 36 36 35 35 33 30 29 29 30 31 30 29 28 28 29 30 30 30 30 30 30 29 30 30 28 23 21 20 20 24 28 31 32 32 32 32 31 30 30 31 30 29 28 26 24 22 20 18 19 21 22 22 22 21 21 20 19 17 16 15 14 13 12 11 10 9 9 10 10 10 9 8 8 9 9 9 9 8 8 8 8 8 8 8 8 8 8 8 8 8 9 9 8 8 8 8 8 8 9 10 10 11 11 12 12 12 12
43 42 41 40 38 37 35 34 33 31 30 32 33 32 31 30 29 27 26 27 26 27 28 28 27 26 27 28 28 28 28 28 28 28 28 29 29 26 25 21 19 19 20 21 25 30 30 29 29 28 27 27 27 26 25 24 24 22 20 20 17 17 19 20 20 19 19 19 17 16 16 15 14 13 12 11 10 9 9 9 10 10 9 9 9 9 8 8 8 8 8 8 8 8 8 8 8 8 8 8 8 8 8 8 8 8 8 8 8 7 8 10 10 11 11 11 12 12 12 12
41 41 40 39 37 36 35 33 31 29 29 28 28 28 28 27 25 20 20 25 25 24 26 25 24 25 26 26 25 25 26 27 27 26 26 27 28 27 25 23 20 19 19 20 23 25 26 26 25 25 24 23 23 22 21 21 21 20 20 18 16 16 16 18 17 17 16 15 15 15 15 14 13 12 10 10 9 9 9 9 8 9 9 9 9 9 8 8 8 8 8 8 8 8 8 8 8 8 8 8 8 8 8 8 8 8 8 8 8 7 8 10 10 11 11 12 12 12 12 12
39 39 38 37 36 36 34 32 30 29 28 27 26 26 25 24 22 19 19 22 23 23 24 24 23 24 24 25 25 24 25 25 26 25 25 25 26 26 25 22 20 19 19 20 21 23 24 23 22 21 21 20 20 19 19 19 19 19 18 17 16 15 15 16 15 15 14 14 14 13 12 12 11 9 9 9 9 9 10 10 9 9 9 8 8 8 8 8 8 8 8 8 8 8 8 8 8 8 8 8 8 8 8 8 8 8 8 8 7 7 8 9 10 11 11 11 12 12 12 12
37 37 36 36 35 34 33 32 30 29 26 24 24 23 20 19 19 19 19 20 21 22 23 23 22 22 23 24 23 23 23 24 24 24 24 24 25 25 25 22 20 19 19 18 20 21 22 21 20 19 19 19 19 18 18 18 18 18 17 17 16 15 15 15 15 14 14 13 13 12 10 10 9 9 9 10 10 10 10 10 10 9 9 8 8 8 8 8 8 8 8 8 8 8 8 8 8 8 8 8 8 8 8 8 8 8 8 8 7 7 7 9 10 11 11 11 12 12 12 12
33 33 34 34 34 33 32 31 30 29 26 24 23 20 19 18 19 19 19 20 20 20 21 22 21 21 21 23 22 20 21 22 23 23 23 23 24 24 24 22 20 20 18 17 18 21 20 19 19 18 18 18 18 18 17 17 17 17 17 16 15 15 14 14 14 14 13 13 12 12 10 10 9 10 10 11 10 10 10 10 10 10 9 8 8 8 8 8 8 8 8 8 8 8 8 8 8 8 8 8 8 8 8 8 8 8 8 8 7 7 9 10 10 11 11 11 12 12 12 12
30 29 29 30 31 32 31 31 30 29 27 25 24 22 20 20 20 20 20 19 20 20 21 21 20 20 20 22 21 20 20 21 22 22 22 22 22 23 23 21 20 20 17 16 17 19 18 18 17 18 18 18 17 17 17 16 16 16 16 16 15 15 14 14 14 13 13 13 12 12 11 10 10 11 11 11 11 10 10 10 10 9 8 8 8 8 7 7 7 8 8 8 8 8 8 8 8 8 8 8 8 8 8 8 8 8 8 8 7 7 8 9 10 10 11 11 12 12 12 12
29 29 29 29 29 30 30 30 29 28 27 26 25 23 22 21 21 20 20 20 20 18 20 21 20 20 19 21 21 20 20 20 21 21 21 22 21 21 22 21 20 19 17 16 17 16 16 16 16 17 17 17 17 17 16 15 15 15 16 15 15 15 14 14 14 13 13 13 12 12 11 11 11 11 11 12 11 11 10 10 10 9 8 7 7 7 7 7 7 7 7 7 7 7 8 8 8 8 8 8 8 8 8 8 8 8 8 7 7 7 7 8 10 10 11 11 12 12 12 12
29 29 29 29 29 29 28 28 28 28 27 27 26 24 23 22 22 21 20 20 20 18 18 20 20 20 19 20 21 20 20 20 19 20 20 21 20 20 21 21 20 19 17 16 16 15 14 15 16 16 17 17 17 16 15 15 14 15 15 15 15 15 15 14 13 13 13 13 12 12 11 11 12 12 12 12 11 11 10 9 9 8 8 7 7 7 7 7 7 7 7 7 7 7 8 8 8 8 8 8 8 8 8 8 8 8 8 7 7 7 7 7 10 10 11 11 11 12 12 12
28 28 27 27 27 27 27 28 27 27 27 26 26 25 24 23 22 21 21 21 20 20 20 18 18 18 17 17 18 19 18 18 19 18 19 20 19 20 20 20 20 17 16 17 16 15 14 15 15 16 16 16 16 16 15 15 14 14 15 15 15 15 15 14 13 13 13 13 12 12 12 12 12 12 12 12 12 11 10 9 9 8 8 7 7 7 7 7 7 7 7 7 7 7 8 8 8 8 8 8 8 8 8 8 8 8 7 7 7 7 7 6 9 10 11 11 11 12 12 12
28 28 27 27 27 27 27 27 27 27 26 26 25 25 24 23 23 22 21 21 21 21 21 20 20 20 20 20 17 17 17 17 17 18 18 18 18 20 19 18 17 17 18 18 17 16 15 15 15 15 16 16 16 16 15 15 15 14 14 14 15 15 14 13 13 13 12 12 12 12 12 12 12 12 12 12 12 11 10 9 9 8 8 7 7 7 7 7 7 7 7 7 7 7 7 8 8 8 8 8 8 8 8 8 8 7 7 7 7 7 6 6 8 10 11 11 11 12 12 12
28 28 27 27 27 27 27 27 26 26 26 25 25 25 24 24 23 22 22 21 21 21 21 21 21 21 21 20 19 17 17 17 16 17 17 16 17 18 17 17 17 18 18 19 18 18 15 14 15 15 15 16 16 15 15 15 14 14 14 14 14 14 13 13 12 11 11 11 11 12 12 12 12 12 12 12 12 11 11 10 9 9 8 7 7 7 7 7 7 7 7 7 7 7 7 8 8 8 8 8 8 8 8 8 8 7 7 7 7 7 6 6 9 10 11 11 11 11 12 12
28 28 27 27 27 27 27 27 26 26 26 25 25 24 24 24 23 22 22 22 22 22 22 21 21 21 21 20 20 19 18 17 16 16 17 16 16 16 17 16 17 19 20 20 19 18 18 14 14 15 15 15 15 15 15 14 14 13 13 13 13 13 13 12 11 10 10 10 11 11 12 12 12 11 11 11 11 11 10 10 10 9 8 7 7 7 7 7 7 7 7 7 7 7 7 8 8 8 8 8 8 8 8 8 8 7 7 7 7 7 7 7 8 10 10 11 11 11 12 12
29 29 28 28 27 27 27 27 26 26 26 25 25 24 24 24 23 23 22 22 22 22 22 21 21 20 20 20 20 19 18 18 17 17 17 17 16 16 16 17 18 19 20 20 19 19 18 15 14 14 14 15 15 15 14 14 13 13 13 12 13 12 11 11 10 10 10 10 10 11 11 11 11 11 10 10 10 10 10 10 10 10 9 7 7 7 7 7 7 7 7 7 7 7 7 8 8 8 8 8 8 8 8 8 8 7 7 7 7 7 7 7 8 9 10 10 11 11 12 12
30 30 29 29 28 28 27 27 27 27 26 26 25 25 24 24 23 23 22 22 22 22 21 21 20 20 20 20 20 20 19 18 17 17 17 16 16 16 17 17 18 19 20 19 19 19 18 16 13 14 14 14 15 14 13 13 13 13 13 12 12 11 10 10 10 10 10 10 10 10 11 11 10 10 9 9 9 9 10 10 10 10 8 7 7 7 7 7 7 7 7 7 7 7 7 8 8 8 8 8 8 8 8 8 8 7 7 7 7 7 7 7 8 8 9 10 11 11 12 12
32 32 32 31 29 29 28 27 27 27 26 26 26 25 25 25 24 23 22 22 21 21 20 20 20 20 20 20 20 18 18 17 17 17 17 16 16 16 16 17 18 18 19 19 19 19 18 15 14 14 13 13 13 13 13 13 13 13 11 10 10 9 9 10 9 9 9 9 10 10 10 10 10 10 9 9 9 9 9 10 9 8 8 7 7 7 7 7 7 7 7 7 7 7 7 8 8 8 8 8 8 8 8 8 8 7 7 7 7 7 7 7 8 9 10 10 10 11 12 12
36 35 35 34 31 30 29 28 28 27 27 26 26 25 25 25 24 23 22 21 21 21 20 20 19 19 19 19 18 17 17 17 17 17 16 15 15 15 16 16 16 17 18 18 18 18 17 15 14 13 13 13 13 12 12 12 12 12 10 10 9 9 9 9 9 9 9 9 9 9 9 10 10 9 9 8 8 8 9 9 9 8 7 7 7 7 7 7 7 7 7 7 7 7 7 8 8 8 8 8 8 8 8 8 8 7 7 7 7 7 7 7 8 9 9 9 10 11 12 12
41 40 38 36 34 31 30 29 28 27 27 27 26 26 25 25 24 23 22 22 22 21 20 20 19 19 19 18 17 17 17 17 17 16 15 15 15 15 15 15 15 15 16 16 16 16 16 15 14 13 12 12 12 12 12 12 11 10 10 10 9 9 9 9 9 9 9 9 9 9 9 9 9 9 8 8 8 8 8 8 8 8 7 7 7 7 7 7 7 7 7 7 7 7 7 8 8 8 8 8 8 8 8 8 8 7 7 7 7 7 7 7 8 9 10 10 11 11 12 12
42 41 39 37 35 33 31 30 29 28 27 27 27 26 26 25 24 23 22 22 22 21 20 20 19 19 18 17 17 16 16 16 16 15 15 15 15 15 15 15 15 14 14 15 15 14 14 14 14 13 12 12 12 12 12 12 11 11 10 10 10 10 10 10 10 9 9 9 9 9 8 8 8 8 8 8 8 8 8 8 8 7 7 7 7 7 7 7 7 7 7 7 7 7 7 7 8 8 8 8 8 8 8 8 8 7 7 7 7 7 7 7 8 9 10 10 11 11 11 12
40 39 36 35 34 32 31 30 29 28 27 27 27 26 26 25 24 23 22 21 21 20 20 19 19 18 18 17 17 17 16 16 15 15 15 15 15 14 15 14 14 13 14 14 14 14 14 13 14 13 13 13 12 12 12 12 12 12 11 10 10 10 10 10 10 10 9 9 9 9 8 8 8 8 8 8 7 7 8 8 7 7 7 7 7 7 7 7 7 7 7 7 7 7 7 7 8 8 8 8 8 8 8 8 8 7 7 7 7 7 7 7 8 8 9 10 10 11 11 12
37 35 34 34 32 31 29 29 28 28 27 27 27 27 26 25 24 23 23 22 21 21 20 19 19 18 18 18 17 16 16 16 15 15 15 15 14 14 14 14 14 13 14 14 14 14 14 14 14 14 13 13 13 13 13 13 13 13 12 12 11 11 11 11 10 10 10 9 9 9 8 8 8 8 8 8 7 7 7 7 7 7 7 7 7 7 7 7 7 7 7 7 7 7 7 7 8 8 8 8 8 8 8 8 7 7 7 7 7 7 7 7 8 8 9 9 10 10 11 11
36 35 34 34 34 32 30 30 29 28 28 28 27 26 26 25 24 24 23 22 22 21 20 20 19 18 18 18 17 16 16 16 15 15 15 14 14 14 14 13 12 12 13 14 15 15 15 15 15 15 14 14 14 14 14 13 13 13 13 12 12 12 12 12 11 11 10 10 10 10 8 8 8 8 7 7 7 7 7 7 7 7 7 7 7 7 7 7 7 7 7 7 7 7 7 7 7 8 8 8 8 8 8 8 7 7 7 7 7 7 7 7 8 8 9 9 10 10 11 11
39 38 37 36 35 34 32 31 30 29 29 28 27 26 26 25 24 24 23 22 22 21 20 20 18 18 18 18 17 17 17 16 15 15 15 14 14 14 14 13 13 12 13 15 15 15 15 15 15 15 15 15 15 15 15 14 14 13 13 13 13 13 13 13 12 11 11 10 10 10 9 8 8 7 7 7 7 7 7 7 7 7 7 7 7 7 7 7 7 7 7 7 7 7 7 7 7 8 8 8 8 8 8 7 7 7 7 7 7 7 7 7 7 8 9 9 10 10 11 11
40 40 40 39 36 34 33 32 30 30 30 28 27 27 26 25 24 24 23 22 22 21 20 19 18 18 19 18 17 17 16 16 15 15 15 14 14 14 14 14 14 13 15 15 15 15 15 15 15 15 15 15 15 15 15 15 15 14 14 14 13 13 13 13 13 12 11 10 10 10 9 8 8 7 7 7 7 7 7 7 7 7 7 7 7 7 7 7 7 7 7 7 7 7 7 7 7 7 8 8 8 8 8 7 7 7 7 7 7 7 7 7 7 8 8 9 9 10 10 11
41 41 40 39 38 35 35 34 32 31 30 29 28 27 26 26 25 24 23 22 21 21 21 20 18 18 18 18 18 17 17 15 15 15 14 14 14 14 14 14 14 14 15 15 16 16 16 16 15 15 16 16 16 16 16 15 15 15 15 15 14 14 13 13 12 11 10 10 9 9 9 9 8 8 7 7 7 7 7 7 7 7 7 7 7 7 7 7 7 7 7 7 7 7 7 7 7 7 8 8 8 8 8 7 7 7 7 7 7 7 7 7 7 8 8 9 9 10 10 11
43 42 40 39 37 36 35 35 34 32 30 29 28 27 27 26 25 25 24 22 22 21 21 20 20 19 18 18 18 17 17 16 15 14 14 14 14 14 14 14 15 15 15 16 16 16 16 16 15 15 16 16 16 16 16 15 15 15 15 15 15 14 13 13 12 11 10 10 9 9 9 9 8 8 8 7 7 7 7 7 7 7 7 7 7 7 7 7 7 7 7 7 7 7 7 7 7 7 8 8 8 8 8 7 7 7 7 7 7 7 7 7 7 8 8 9 9 10 10 11
44 42 41 40 38 35 35 34 32 31 30 30 28 27 26 25 25 25 23 22 22 22 22 21 20 20 18 17 17 17 16 16 15 15 15 14 15 15 15 15 15 16 16 16 17 17 17 17 16 16 16 16 16 16 16 15 15 15 15 15 14 14 13 12 12 12 11 10 10 10 10 10 9 9 8 8 7 7 7 7 7 7 7 7 7 7 7 7 7 7 7 7 7 7 7 7 7 7 8 8 8 8 8 7 7 7 7 7 7 7 7 7 7 8 9 9 10 10 11 12
42 40 39 37 35 34 32 30 30 30 29 28 27 25 24 24 24 23 22 21 22 21 21 20 20 20 19 17 17 17 16 16 15 15 15 15 15 16 16 16 16 16 17 17 17 17 17 17 17 17 16 16 16 16 16 15 15 15 15 15 14 13 13 12 12 11 11 10 10 10 9 9 9 9 8 8 8 7 7 7 7 7 7 7 7 6 6 7 7 7 7 7 7 7 7 7 7 7 8 8 8 8 8 7 7 7 7 7 7 7 7 7 7 8 9 10 10 11 11 12
40 38 36 34 33 31 29 28 28 26 25 26 25 24 22 22 22 21 21 21 21 21 20 20 20 19 18 17 17 16 16 16 15 15 15 15 16 17 17 17 17 17 17 17 17 17 17 17 17 16 16 16 16 16 15 15 15 15 14 14 14 13 13 13 12 11 10 10 10 9 9 9 9 8 8 8 8 8 8 7 7 7 7 7 7 6 6 6 6 7 7 7 7 7 7 7 7 7 8 8 8 8 8 7 7 7 7 7 7 7 7 7 7 8 9 10 10 11 11 12
37 35 33 30 30 28 27 26 26 25 23 23 23 22 21 20 20 20 20 20 20 19 19 19 18 17 17 17 16 16 16 16 16 16 16 17 18 18 17 17 17 17 17 17 17 17 17 17 16 16 16 16 15 15 15 15 15 15 14 14 14 13 13 13 12 10 10 9 9 8 8 8 8 8 8 8 8 8 8 8 7 7 7 7 7 6 6 6 6 7 7 7 7 7 7 7 7 7 8 8 8 8 8 7 7 7 7 7 7 7 7 7 7 8 9 9 10 11 11 12
33 32 30 28 26 24 23 24 24 22 20 20 20 20 20 20 19 19 19 18 18 17 17 17 17 17 17 16 16 16 16 17 18 18 18 19 20 20 19 18 18 17 17 17 17 17 17 16 16 16 15 15 15 15 15 15 14 14 14 14 13 13 13 12 11 10 10 9 8 8 8 7 7 7 7 7 7 8 8 7 7 7 7 7 7 6 6 6 5 6 7 7 7 7 7 7 7 7 8 8 8 8 8 7 7 7 7 7 7 7 7 7 7 8 9 10 10 11 11 11
30 28 27 25 23 20 19 21 21 21 20 20 19 19 19 19 18 18 18 17 17 17 17 17 17 17 17 17 16 16 16 19 20 20 20 20 20 20 19 18 17 17 17 17 17 16 16 16 16 16 15 15 15 15 15 15 14 14 14 13 13 12 12 11 10 10 10 10 8 8 8 7 7 7 7 7 7 7 7 7 7 7 7 7 7 6 6 6 5 5 6 7 7 7 7 7 7 7 7 8 8 8 8 7 7 7 7 7 7 7 7 7 7 8 9 10 10 11 11 11
28 26 25 23 20 19 19 19 19 19 19 19 19 18 19 18 17 17 17 16 17 17 17 17 17 17 17 17 16 16 18 21 20 20 20 20 19 19 18 17 17 17 16 16 16 16 16 16 15 15 15 15 15 15 15 15 14 14 13 13 13 12 12 11 10 10 9 9 8 8 7 7 7 7 7 7 7 7 7 7 7 7 7 7 6 6 5 5 6 6 6 7 7 7 7 7 7 7 7 8 8 8 8 7 7 7 7 7 7 7 7 6 7 8 10 11 11 11 11 11
25 24 23 22 20 21 21 20 20 19 19 19 19 19 19 18 18 18 17 16 17 17 17 17 17 17 17 16 16 17 20 20 20 20 20 19 18 17 17 17 17 16 16 16 16 16 16 16 15 15 15 15 15 15 15 15 14 13 13 13 13 12 11 11 10 10 9 9 8 8 7 7 7 7 7 7 7 7 7 7 7 7 7 7 6 5 4 5 5 6 6 6 7 7 7 7 7 7 8 8 8 8 8 7 7 7 7 7 7 7 7 6 6 8 10 11 11 11 11 11
25 24 24 23 22 22 22 22 22 21 21 20 20 19 19 19 18 18 17 16 17 17 17 17 17 17 16 16 17 19 20 20 20 19 19 18 17 17 17 16 16 15 15 15 15 15 15 15 15 15 15 15 15 15 14 14 13 13 13 13 12 11 10 10 10 10 10 9 9 8 8 7 7 7 7 7 7 7 7 7 7 7 7 6 6 5 3 4 5 5 6 6 6 7 7 7 7 7 8 8 8 8 8 8 7 7 7 7 7 7 7 6 6 8 10 11 11 11 11 11
25 25 24 23 23 22 23 23 23 22 22 21 20 19 19 19 18 17 17 16 17 17 17 17 17 16 16 17 18 18 20 20 19 19 18 17 17 16 16 16 15 15 15 15 15 15 15 15 15 15 14 14 14 14 14 13 13 13 12 12 11 11 10 10 10 10 10 10 9 8 8 8 7 7 7 7 7 7 7 7 7 7 7 6 5 5 4 4 5 5 5 6 6 7 7 7 7 7 8 8 8 8 8 8 7 7 7 7 7 7 7 7 5 7 9 10 9 10 10 10
