ncols	27
nrows	19
xllcorner	391000.0
yllcorner	579000.0
cellsize	1000
NODATA_value	-9999
3 3 6 3 4 6 6 6 6 6 5 6 6 3 3 3 3 3 3 3 3 3 3 3 1 1 1
3 3 3 4 6 6 6 6 5 5 5 6 6 3 3 3 3 3 3 3 3 3 3 3 3 3 1
3 3 3 3 6 6 6 5 5 5 5 5 6 3 3 3 3 3 3 3 3 1 1 1 1 1 1
3 3 3 3 6 6 5 5 5 5 5 5 6 3 3 3 3 3 3 3 3 1 3 3 3 1 1
3 3 3 3 3 5 5 5 5 5 5 6 6 3 3 3 3 3 3 3 3 3 3 1 1 3 1
3 3 3 3 5 5 5 5 6 5 3 3 3 3 4 3 3 3 3 3 3 3 3 1 1 1 1
3 3 3 6 3 6 5 5 5 5 5 3 3 3 3 3 3 3 4 1 3 3 1 3 3 3 1
6 6 3 6 3 6 5 5 5 5 6 3 3 3 3 5 3 3 1 1 4 3 3 3 1 3 3
5 5 5 6 6 3 6 3 3 3 3 3 3 3 3 3 1 3 3 1 3 1 1 3 3 3 3
5 5 5 6 3 3 3 3 3 3 3 3 3 3 3 3 1 1 3 3 3 1 1 1 3 1 1
3 6 6 3 6 6 6 6 3 3 3 3 3 3 1 3 1 1 1 1 3 1 1 4 1 1 3
3 3 3 6 6 6 3 3 3 3 3 3 1 3 3 1 1 1 1 1 1 1 1 1 3 3 3
3 3 6 6 6 3 3 3 3 3 3 3 3 3 1 1 1 1 1 3 3 3 1 1 1 3 3
6 6 3 5 3 3 3 3 3 3 3 4 3 3 3 3 3 3 3 1 1 1 1 3 3 1 1
5 5 3 3 3 3 3 3 3 3 3 3 3 3 3 3 3 3 3 1 3 1 3 3 3 1 1
6 3 5 2 3 3 3 3 3 3 3 1 3 3 3 3 3 3 3 3 1 1 1 1 3 1 4
3 3 3 5 3 3 3 3 3 3 3 3 3 3 3 3 3 1 1 1 1 1 1 1 3 3 1
3 3 5 5 3 3 3 3 3 3 1 1 3 3 1 1 3 3 3 1 1 1 1 1 1 1 1
3 3 3 3 3 3 3 3 3 1 3 3 3 3 3 3 1 1 3 1 3 3 1 3 3 3 1
