ncols	27
nrows	19
xllcorner	391000.0
yllcorner	579000.0
cellsize	1000
NODATA_value	-9999
6 6 6 6 4 4 4 4 3 3 3 3 3 5 5 5 5 2 2 2 2 2 2 2 2 2 2
6 6 6 7 4 4 4 3 3 3 6 6 6 5 5 5 5 2 2 2 2 2 2 2 2 2 2
6 6 6 6 4 4 3 3 6 6 6 6 5 5 5 5 5 2 2 2 2 2 2 2 2 2 2
6 6 6 6 6 6 6 6 6 6 6 6 5 5 5 5 5 2 2 2 2 2 2 2 2 2 2
6 6 6 6 6 6 6 6 6 6 6 6 5 5 5 5 5 2 2 2 2 2 2 2 2 2 2
6 6 6 6 6 6 6 6 6 5 5 6 5 5 5 5 5 5 2 2 2 2 2 2 2 2 2
6 6 6 6 6 6 6 6 6 6 6 6 5 5 6 5 5 5 2 2 2 2 2 2 2 2 2
6 6 6 6 6 6 6 6 6 6 5 6 6 6 5 5 5 2 2 2 2 2 2 2 2 2 2
6 6 6 6 6 6 6 6 5 5 5 5 5 5 5 5 5 2 2 2 2 2 2 2 2 2 2
6 6 6 6 6 6 6 6 5 5 5 5 5 5 5 5 5 2 2 2 2 2 2 2 2 2 2
6 6 6 6 6 6 6 6 5 5 5 5 5 5 5 5 5 2 2 2 2 2 2 2 2 2 2
6 6 6 6 6 6 6 5 5 5 5 5 5 5 5 5 5 2 2 2 2 2 2 2 2 2 2
6 6 6 6 6 5 5 5 5 5 5 5 5 5 5 5 5 2 2 2 2 2 2 2 2 2 2
6 6 6 6 5 5 5 5 5 5 5 5 5 5 5 5 2 2 2 2 2 2 2 2 2 2 2
6 6 6 6 5 5 5 5 5 5 5 5 5 5 5 5 2 2 2 2 2 2 2 2 2 2 2
6 6 6 6 6 6 5 5 5 5 5 5 5 5 5 5 5 2 2 2 2 2 2 2 2 2 2
6 6 6 6 6 5 5 5 5 5 5 5 5 5 5 5 5 5 5 2 5 5 5 2 2 2 2
5 6 6 5 5 5 5 5 5 5 5 5 5 5 5 5 5 5 5 5 5 5 5 5 2 2 2
5 6 1 5 5 5 5 5 5 5 5 5 5 5 5 5 5 5 5 5 5 5 5 5 2 2 2
